29,0772245547853
28,7523402081799
28,286604814185
26,5902434348609
22,3891134249693
20,0903198014367
18,1474691803624
15,7362760501606
14,6835391503977
14,2626004751405
13,909806139236
12,0188612493035
11,521402007793
10,6944722225422
10,1805455958834
8,93783418536461
7,71259900213205
7,46611683586859
6,60741198456445
5,9625497322107
5,87261872391112
5,47490157480315
5,45462688244323
5,42406627711477
4,88523509629619
4,85002112378538
4,57684697801172
4,42992853858259
4,26666227824059
4,0659211693983
4,01988448375571
3,91550248197089
3,87020951814878
3,86076462555346
3,79139886657884
3,52875241902148
3,40893083532892
3,3963025789802
3,33561256949193
3,25334166795211
3,22745946693404
3,22367380446129
3,10861257358802
3,09652072578651
3,06708497629202
3,02687580731156
3,00924648726966
3,00201577444972
2,99653805231845
2,96693341386079
2,92464209928565
2,92170386389278
2,90845639870926
2,87956275989234
2,8525227954861
2,83219387835901
2,81692468539369
2,80615915959131
2,80476616897244
2,79039816300711
2,70815083091394
2,69866830952978
2,648822247438
2,62332512245256
2,60118843404269
2,60101737210865
2,59580862834297
2,58242401550132
2,57955851883361
2,56267528759488
2,55208307589681
2,53984210290099
2,53933123700112
2,52202306044012
2,51533742331288
2,50378086950928
2,48450545758799
2,476549100979
2,47140891965124
2,43805181662224
2,42927136747358
2,40677800250327
2,4004181132639
2,39535319006515
2,35266384438577
2,32098705272637
2,28365722642518
2,28143649750886
2,25950387347507
2,25822859025634
2,25498699045967
2,24986810978303
2,2492269392648
2,22809050175498
2,20430325377852
2,19761264914382
2,19740949071742
2,16944764906159
2,14616272472228
2,14161385227188
2,14100940154089
2,13550407160506
2,11174043773163
2,10489967963805
2,09964851698835
2,08671020048906
2,07354613955099
2,04259539158326
2,03539477282494
2,00229422671624
1,99430199430199
1,99426573754873
1,98812326613195
1,98319776228964
1,97348994476072
1,96099007169812
1,95645474147348
1,95227765726681
1,95016628676009
1,94794660525622
1,94574117210855
1,93307675153742
1,92551960453281
1,9173718463815
1,91503913671252
1,90257839953412
1,89746740024787
1,89126640104752
1,87836248677736
1,85440149539466
1,83261575387063
1,82020777642691
1,81885042122625
1,80891186157112
1,79523389364114
1,79405803263607
1,78985195591312
1,77826833467256
1,77352208758735
1,76985489022514
1,76759410801964
1,76451922455875
1,75965137207715
1,75427926831664
1,74773097807168
1,72378434511417
1,72369184429524
1,72101021637078
1,71919246422211
1,71725188385526
1,71367958546986
1,70127059630177
1,69963753601785
1,69190151607305
1,68903436988543
1,68516704069768
1,68394524314107
1,68292032095639
1,68056478040098
1,67793714083244
1,67248983332379
1,66786668594427
1,66325773064265
1,65922278428821
1,64805069110956
1,639684191354
1,63830257017874
1,63794764785074
1,63581852579885
1,62666437755211
1,61092228384772
1,61038403205076
1,60807099786405
1,60567011408594
1,59933439929694
1,59833239933382
1,59638804452151
1,5856732748598
1,5835661902877
1,57879037205949
1,57479661874811
1,57174139154278
1,56986182013727
1,55908292665512
1,55379106475304
1,55238554561222
1,54129200060028
1,53895003131021
1,5375
1,53498840262138
1,53335663466039
1,53323700171179
1,53132712014947
1,52788272553462
1,52457734148302
1,52415332189101
1,51762308599931
1,51633664045668
1,51044055274927
1,50491139244613
1,50222495194266
1,49953830603471
1,49761554101526
1,49751044991936
1,48288400901977
1,47488705405504
1,47073062667252
1,46444528009428
1,45881928122021
1,45757677650669
1,45668054046404
1,44993715854028
1,44213931924273
1,44063453073565
1,4398172222917
1,42822111771635
1,42473322841532
1,42243205617093
1,42026416686458
1,41164168699895
1,40883229477106
1,40855545664874
1,40746819860484
1,40734424072721
1,40724889264033
1,40640417265517
1,40541677377256
1,4022147361028
1,40069253727802
1,39335554556103
1,39252977375196
1,39217495293432
1,3874540806093
1,38544831891877
1,37891396644158
1,37648513618562
1,37254159255069
1,37190216620276
1,37124310869311
1,37037744189394
1,36824997061202
1,36693867426528
1,36609780059263
1,36466079379651
1,35514039179347
1,34578565485018
1,34537261860502
1,34439767854699
1,3414351234296
1,33462356984537
1,32682360935555
1,32611967233401
1,32532305716352
1,32014541312418
1,31469552326398
1,30923276361625
1,30604042182772
1,30530906447803
1,30137400883724
1,29903347093687
1,29756830487263
1,29271520432102
1,28931593764539
1,28897215148205
1,28887545538519
1,28323138525503
1,28023290534488
1,27748638412525
1,26783621150406
1,26211148580497
1,25912782527578
1,2551185892953
1,25480601251349
1,25403736247435
1,25235473790311
1,25135952743747
1,25131579914576
1,24936996478254
1,249308515643
1,24739045129283
1,24517582233125
1,24189678059044
1,24039994203739
1,24026705621622
1,23607641097817
1,23432895473574
1,233583571157
1,23135351845213
1,22989138578636
1,22968785162961
1,22827800072371
1,2252922237135
1,22427420685186
1,21993726036947
1,21853909386688
1,21330783835486
1,20489769067642
1,20111086393063
1,19718528715218
1,19619945982049
1,18981223275702
1,18773848445561
1,18585235008312
1,18546455092053
1,18166325195319
1,18115206216879
1,18107433962593
1,17822517066271
1,17717806392783
1,17369680072969
1,17342763271857
1,17009828261493
1,15871385906796
1,15803801633088
1,15733005012752
1,15268689808206
1,14599347616058
1,14514313585645
1,14142495804524
1,13740528291496
1,13662195953626
1,13633179078369
1,1328052148786
1,13230960136498
1,13207363099378
1,13162572372341
1,12912138844664
1,12776610257449
1,12767370208369
1,12117291936179
1,12060044918926
1,12009256497185
1,11957008508733
1,11756641453196
1,11653179559999
1,11525857913837
1,11414281034148
1,10947778970301
1,10861139035075
1,10847124378753
1,10730289099913
1,10648936905813
1,1060488100616
1,10581092801388
1,10352785233493
1,10229897643666
1,09904115053145
1,09793815814992
1,09677331200219
1,09664869953694
1,09495919810473
1,09418508442049
1,0898441463274
1,08742931709439
1,08534482492399
1,08197450078525
1,07255412002182
1,0719331055179
1,07108081791626
1,06883370026062
1,06847732729536
1,06761565836299
1,06563025142633
1,06329517014215
1,06302277160569
1,06202774881032
1,06194329773266
1,05921168243262
1,05910680293635
1,05851509427098
1,05419206061604
1,05322796619101
1,05246037760864
1,0493354209001
1,04611742389933
1,04588279310228
1,04489649467615
1,03455064004612
1,03157460890253
1,03154987964394
1,03074057739075
1,03042168839833
1,0294315092395
1,02913804396906
1,02633455251249
1,02608093273211
1,02227218113475
1,02072741295939
1,01746983688338
1,01472913684889
1,01300583971968
1,01147677326372
1,01127852716522
1,01058516351933
1,00961714431602
1,00932501470776
1,00853482934827
1,00733936377097
1,00677566242006
1,00404276299289
1,00282850754814
1,00015161569519
0,999151006521829
0,997135373703282
0,996324269177074
0,995398584289618
0,989631629043485
0,986821712773555
0,986270118434652
0,985292103700656
0,983609211285949
0,983418449567538
0,983082224924088
0,98035720673154
0,976529423487418
0,976220522703638
0,975946960267829
0,974203368645007
0,973511433099389
0,972357639765314
0,971981834089788
0,971944675821617
0,971694127587664
0,970774607853146
0,970348212253318
0,969027450693612
0,96826469514017
0,967958656038605
0,966701670256772
0,965144772249824
0,964525179385292
0,964241412595534
0,958693969130898
0,957649170937593
0,957152113464301
0,957140933200583
0,957085520222291
0,95461764127427
0,9540404313764
0,953606287618491
0,951895947332407
0,949264683165034
0,947085065104994
0,945284720074634
0,944978619858726
0,944564931437296
0,943025608886746
0,941797782747327
0,936855695867702
0,935758959818753
0,934206157729334
0,933508474982324
0,932105339686142
0,931885754473507
0,931091430825112
0,93040151564053
0,92706203135651
0,925812343091631
0,924889517573008
0,924381359401416
0,922557752769911
0,921503168803964
0,921188871079835
0,918076625549847
0,914268025098878
0,912065944356122
0,908512320618164
0,907354266530488
0,907140136009359
0,906541479097971
0,905468925157549
0,905225750337817
0,902919936116429
0,902851460085347
0,90153720096595
0,900711507079884
0,898872343878164
0,89875065487336
0,897835059010933
0,896910584146484
0,896153598905955
0,895459042996474
0,893916540482969
0,893896800460659
0,893714713217237
0,893007022993133
0,892155348013586
0,891746483696023
0,890977307422806
0,890625945955414
0,890175638648748
0,889798767218225
0,887661533645885
0,886031164561405
0,885944963814019
0,884366264333178
0,883080183680678
0,879627195333932
0,878419030261675
0,875052624130636
0,872407055394323
0,87067499574631
0,869709216227824
0,869141160978222
0,868604753925904
0,867550125236997
0,866485239317423
0,865397314665339
0,864344678735689
0,863815492219333
0,863496233089156
0,863227135820771
0,862809327270221
0,860884630645426
0,860678173793148
0,859771190026607
0,856837055076323
0,856635786314202
0,855009986871715
0,854211280904195
0,854020166080774
0,85250337162056
0,851661403663566
0,851252532424587
0,849870383714556
0,849747976785893
0,848443149676559
0,844176028024767
0,840763525202955
0,839767210800533
0,839038579830638
0,838686763913779
0,838204322285242
0,838132695153917
0,835694753131201
0,834889162247696
0,833980976288297
0,82908706299187
0,827763377087282
0,827714297003262
0,823896504575255
0,82387538227269
0,822624502182238
0,821688243289324
0,820880407580381
0,820229036397567
0,820041889257019
0,819898077448999
0,818804144882969
0,818070964436316
0,817055257463704
0,815719220105075
0,815458159342194
0,81536807604178
0,815250421353204
0,814717392826181
0,813059149860209
0,8125
0,812302551525307
0,811908658240856
0,810736083861271
0,808724164262671
0,807363047525917
0,807086394760376
0,806898732870371
0,805286539975277
0,803602686809032
0,802663971233277
0,797989903390756
0,79575585728242
0,792107542769005
0,790587319387912
0,78887274237077
0,787916835974032
0,787780665218775
0,787716135762139
0,785763875004116
0,784061503481737
0,782513963362372
0,782065921889644
0,781696740723177
0,780557609534402
0,77996195307546
0,779059909958368
0,778579616249649
0,775571579694831
0,774345091816593
0,771158277946954
0,770943377508426
0,770468910886513
0,768854927042378
0,768294824888285
0,767920419162659
0,767818826296346
0,766829730981115
0,764700990046907
0,763908715068589
0,763294444342788
0,762341158817184
0,761699645752243
0,761681304178549
0,761417817670996
0,757650888795818
0,756351764747384
0,756229261274075
0,75525590241055
0,754431314080146
0,754338092446898
0,753386697962351
0,752078170714571
0,751769698813535
0,750254505675859
0,75022303049969
0,749901374732412
0,748397341897603
0,748396966966529
0,74781127997699
0,747512073747408
0,746508122269968
0,744950402622095
0,744665774835692
0,744368905872035
0,743995745159262
0,743499430160841
0,740317223171385
0,738030742066924
0,737784744068765
0,737521297007531
0,736993543334849
0,735554466349714
0,735401061038734
0,734895178191343
0,734137925043843
0,733141973784737
0,732747580180457
0,731760187896032
0,731638213682932
0,731604658220324
0,731281298824682
0,731120695518218
0,730600817541293
0,729924612730429
0,729411222878527
0,729078019043339
0,729004047195329
0,728275982413567
0,728129673064302
0,72812002002974
0,727469594467156
0,727121254854735
0,726933072993433
0,725862223798152
0,724353933006461
0,724237529950037
0,724115645691827
0,723741978274992
0,72271464376913
0,718356577362478
0,717508162204509
0,715823618401618
0,714721320212552
0,714519189486716
0,714322286828447
0,714100681331793
0,713016148063583
0,71204729549714
0,711868173631323
0,711418477415919
0,708676582590452
0,70844294741084
0,707492009426788
0,70743402302524
0,707148724361831
0,706858649748604
0,706207408046988
0,70488693809876
0,703922819511794
0,700699567856345
0,700237777707028
0,699974574114925
0,699023821437997
0,696957817823479
0,696328542995794
0,695840419158428
0,695411263798845
0,695408813767984
0,693655547523151
0,69295831043805
0,691362126798767
0,689238693171155
0,687302125780145
0,687243906031052
0,686982129915541
0,686374191699564
0,684437688124289
0,684074964670046
0,683257289276269
0,681760835648272
0,681698793534067
0,681278134966599
0,681154342933067
0,680297845172763
0,67858023606087
0,676867095405383
0,676436682866157
0,675496835549635
0,6745073555972
0,67446512537365
0,672182764452109
0,671749484608582
0,669957240611886
0,669196567637694
0,668984841149697
0,668586878596
0,668583029005173
0,667483924905287
0,667041494942322
0,666861986811558
0,6664149193896
0,666032311861505
0,664847949675681
0,664172940147543
0,663749179217386
0,663727772549408
0,661752982607477
0,660331581412342
0,66002574461106
0,659774562025594
0,658849143409135
0,658517079360912
0,658013603645051
0,657350665263622
0,657196496176837
0,656161164341097
0,655268885570841
0,652930690401657
0,651399095746352
0,651347858871229
0,650499511000449
0,650431553614846
0,649926454611492
0,649301561485772
0,647040097335692
0,646795099344785
0,646220279883886
0,645842357792981
0,645440631740849
0,645430182987423
0,645062239857476
0,644652473118176
0,644038566730361
0,643385122827766
0,643260972019215
0,642792514554749
0,642501558163798
0,641540074198741
0,641199218536673
0,640509152909949
0,640360103793291
0,640320933522743
0,638088990471751
0,63725957562568
0,636228774446818
0,63614554017884
0,63529290803473
0,634751145034624
0,634394968459685
0,634248253889831
0,633807925507856
0,632276471997213
0,632023891810705
0,630984883384805
0,630966705190395
0,630741821345685
0,630293480401812
0,630073370560512
0,629949705102725
0,629694325770837
0,629691873293335
0,629232803396038
0,629169448101503
0,628551662496537
0,62809003375467
0,626933599821455
0,626762295844921
0,626430064588172
0,625407741483975
0,624964599057225
0,623188890515358
0,623157084907879
0,623070358388123
0,622173014253623
0,621085966097258
0,620437202307177
0,619410181402484
0,616502166857658
0,615490367766396
0,61545564779731
0,615112639336057
0,615075008167651
0,613790301218852
0,613544620248196
0,612875043874187
0,612164389169137
0,61155860745615
0,61004499064716
0,609180703314519
0,608170136468717
0,607734320295115
0,607444432626777
0,605860107588705
0,605751357027724
0,605032238184846
0,604243506920783
0,603669181635954
0,603135179658241
0,601235920364425
0,600418711720544
0,59835746798926
0,597365616924252
0,596749580529303
0,596528357569871
0,594726993052219
0,593923422005842
0,59383759446239
0,593786337878066
0,593497160642793
0,593312876215257
0,59330715383302
0,592069050700825
0,590598633989554
0,590338046068929
0,589456171989599
0,58908181264254
0,58900244311436
0,587646623213236
0,586908094492523
0,586904279147931
0,58649883065849
0,586354227073874
0,586188608056602
0,58538875208213
0,585056810527972
0,584992125379569
0,58473073941121
0,583830190438052
0,583728464890038
0,583667444529933
0,583239941477492
0,583005707143999
0,582752499511302
0,581811284193531
0,58139229514388
0,58053406144112
0,58022884109345
0,579290889996932
0,578794255788471
0,578515291729316
0,577827241083877
0,577666107049375
0,577143413731527
0,576597792375698
0,57502469054426
0,574156886884726
0,573372263698373
0,571377844057745
0,571214476853536
0,570572944897045
0,569617313137344
0,569522521303471
0,568931857446891
0,568522202599653
0,56763535160317
0,56705457733556
0,566036928989678
0,565820440437671
0,565231015855874
0,565118601004018
0,564977224287698
0,564375525186754
0,563537004700858
0,563290799074088
0,56260259701384
0,56255176447282
0,562511743278743
0,562375491323849
0,562310660447138
0,561900491387075
0,559841639710637
0,558814067252854
0,558574151104895
0,558540024127632
0,5583151320507
0,557933927700617
0,557617505337971
0,557223625890739
0,555942957736242
0,555124345642173
0,554671662936568
0,554358796016241
0,553904166817249
0,553846199011309
0,553405824746367
0,552873384208067
0,552476019419428
0,551684041250126
0,551641070975764
0,551392388332834
0,548806807670963
0,548535312422769
0,545804816404327
0,543550251201218
0,543498754657517
0,543045105164332
0,542968996958975
0,540243857484278
0,539379981785739
0,539358150068702
0,538981239804715
0,538969290652127
0,53841272259897
0,536783996697044
0,536399334589797
0,536159383485755
0,53607522629405
0,535338183197136
0,535223431114657
0,53507744984902
0,534259240492996
0,534217589628205
0,533495707778187
0,532242018723997
0,531823490749477
0,531207074779788
0,530505234440147
0,530033244335725
0,529991772341277
0,529842216906472
0,529597183129003
0,528619136900636
0,527656851626253
0,527590748008246
0,527351181923742
0,526989501564381
0,526668460176021
0,526548766861717
0,526475717571901
0,526301069035922
0,526197275288188
0,525011590656077
0,524533155762032
0,524202489295833
0,524080718401552
0,524055642972264
0,523309187194012
0,523212830091924
0,522819566041223
0,52266515238926
0,522366636047902
0,521705885708908
0,520853401725137
0,520829068369702
0,520715417704324
0,520675724975114
0,520556150903566
0,52010120956512
0,51921473169059
0,519005499960652
0,518186393633142
0,518063199346026
0,51792159831674
0,517530004144605
0,517521710757301
0,515895597744017
0,51578514408669
0,515258892234641
0,514864251420952
0,513427945049539
0,513069262622083
0,512948036251551
0,510897058069202
0,510306850737515
0,510056849362347
0,510013736132041
0,509934027654167
0,509926256288585
0,509714880132446
0,509575890684968
0,509477195024614
0,509106254823449
0,509062489813961
0,508789062395713
0,508624469680954
0,507898353695812
0,507847525388035
0,507436595010691
0,507290441914529
0,507114000834326
0,506948289948667
0,506773967304559
0,50655743283364
0,505342452386707
0,504471415678569
0,503597503538166
0,503272269925644
0,503086915055389
0,502769184759051
0,502467930458914
0,502455511811296
0,502242260298975
0,502067786419943
0,501927635409013
0,501500582582526
0,501203612674477
0,500165036085893
0,499318486618453
0,498993962666106
0,497749202486957
0,497680249628305
0,497674172557764
0,495596509151636
0,49511371758934
0,494832121541868
0,49470876662414
0,494436541075176
0,493848601418251
0,493617591646664
0,491565174198936
0,491498100986132
0,49100158335386
0,490606385983104
0,490377123523428
0,489263616588551
0,489027083192423
0,488475779074876
0,487803812842443
0,487773434590114
0,485718999443617
0,485717589915578
0,48505815227772
0,48487362758884
0,484779764738408
0,484423312424208
0,484057708185868
0,483436360754478
0,482388629264212
0,482085109499948
0,482025359652771
0,481862688408311
0,481732747098327
0,481474013553171
0,48133209649172
0,480156755578206
0,480014659601914
0,479973699924476
0,47923927837328
0,47890227814075
0,478130846758027
0,477335700258744
0,477285170963202
0,476922689786023
0,476522170555659
0,475225992416093
0,475177208741587
0,475113571035057
0,474889525031397
0,473630882918051
0,473371847899527
0,473111681372033
0,473066225113709
0,472981976671561
0,472677956748761
0,47202868759344
0,471561224244933
0,470978840039135
0,470567319424567
0,470376380476013
0,470141801074494
0,470126566604359
0,470071799257594
0,469350291237767
0,469201873327062
0,468314964146613
0,467587223513858
0,467336221296577
0,466775972542998
0,466698000120717
0,466072823848559
0,46558925187711
0,465468442147248
0,465403813237687
0,463491019356551
0,463467994709574
0,462808577934533
0,46237580619779
0,462335528706228
0,462147948769092
0,46158710085362
0,461161939132139
0,460254162535356
0,459555090227957
0,458069766479496
0,457556087666623
0,457504372656383
0,456562379155223
0,455962449001859
0,455746736878782
0,455557588020704
0,455539820564233
0,454329708512303
0,453846308191343
0,451795339306603
0,451536014989992
0,450174306606934
0,449967866003167
0,449327132934153
0,4490105627879
0,448732860994148
0,44864364013129
0,448441805427536
0,447882252887613
0,447634793969772
0,447372328105116
0,44696327932453
0,445899007060986
0,445412625578367
0,44494441480823
0,444742033939834
0,443771914843049
0,443525986143753
0,44245879300704
0,442416869607718
0,442002353230588
0,441800838208773
0,44175325089696
0,441348370742624
0,441278541711333
0,441276719952266
0,441029449925431
0,440925428512626
0,440755327414065
0,440749656140826
0,440749126977672
0,440335213478003
0,440008454655616
0,43950766501522
0,438173893167735
0,43809299059555
0,43762672751844
0,437045692209234
0,436373599557595
0,436327949618907
0,436175294531871
0,436167823386927
0,436067828712249
0,435826538644125
0,435819492200531
0,435779070581446
0,435682916769454
0,435053054557607
0,434904250056135
0,434232875846931
0,433683444813011
0,43247383970599
0,432171580830503
0,432152576063352
0,432076590272719
0,431604746543785
0,431527874997986
0,430733268824838
0,430447480819687
0,430339537508193
0,429540807653735
0,429157697725872
0,42881611776784
0,428678256094891
0,428182170762745
0,428122231332048
0,427757118786228
0,427624174461699
0,427501214730046
0,427014165031513
0,42665689706528
0,426165728955552
0,425746958858168
0,424917778221359
0,424732209180918
0,424219361954792
0,424176292869717
0,422571151648779
0,422364740084703
0,422193691206803
0,421525216491396
0,421063664773627
0,419785488487112
0,419625904605515
0,419306837286032
0,41925642521406
0,418928525367963
0,418829174836695
0,418382718446304
0,418355813510136
0,417987408336644
0,417984262450107
0,4179633140302
0,417903631365951
0,417434044800572
0,416760645236386
0,416706463466104
0,416259648494189
0,415549689277572
0,415192340705586
0,414456558530094
0,413484861098393
0,413189709494211
0,413147344648102
0,412972373538261
0,412875788858185
0,412365062388228
0,412085391176059
0,411911700172282
0,411675078883779
0,411241663546433
0,410791843514893
0,41045263074942
0,409689943315236
0,409629271301429
0,408902104494786
0,407794113838302
0,407758731775064
0,407533707575036
0,40751860590312
0,406981815168543
0,406782451057101
0,40640457462254
0,406345708336292
0,405859941288355
0,405681613840981
0,405552341923157
0,404534986339304
0,404460452779976
0,403925280913886
0,403711362117686
0,402965060060083
0,402627485521872
0,40174201638768
0,401648858657507
0,401582505789124
0,401264600167732
0,400651306196442
0,400592567945242
0,399447658669129
0,399009457643443
0,398999862845344
0,398620154055224
0,398126366106582
0,398075045087375
0,397916859128256
0,397619734443454
0,397368314689793
0,397211046385652
0,395804952564198
0,395308670993695
0,395181775587377
0,394984786938927
0,394829312164853
0,394829071552371
0,394341380267569
0,39364929090917
0,393492914082306
0,393454854674355
0,392420416100428
0,392355392026631
0,391816086747106
0,391767463016022
0,391646779516657
0,391050486794661
0,391043453654947
0,390997912778207
0,390750466960381
0,390427814736977
0,390174708872397
0,388997766262323
0,387870213197553
0,387513406124647
0,38732004428577
0,386841772870579
0,386802951525075
0,386474959045483
0,38632844733839
0,38593650963227
0,385906386859977
0,384591102120944
0,384391481728908
0,384328850535053
0,384205992064565
0,383858687807499
0,38352672016826
0,382187175350556
0,38143379107407
0,381163720429613
0,380961474569679
0,38038575852857
0,380233674040997
0,380153579440197
0,380024243390771
0,379865634740154
0,379576966974542
0,37928549187562
0,379020702354174
0,378360726466012
0,378257923209805
0,377192088683065
0,376835076731643
0,376747292840945
0,376278017830779
0,375140478553254
0,374939898606528
0,374484308232507
0,374312345503202
0,374254252099314
0,374122071939406
0,373588184882799
0,372605821663923
0,37191880657061
0,370642846549663
0,37038946891936
0,370223697358978
0,369587968985877
0,369313490795087
0,368915554167035
0,368368736092718
0,367713657636186
0,367385234988042
0,367368228316289
0,367199812090199
0,367037191963994
0,366202025449171
0,36609901104925
0,365441783310963
0,364752050155263
0,364694040546533
0,364431348081226
0,363922949858035
0,363781516888867
0,363619775284669
0,363560958349546
0,362853398618898
0,362786428857703
0,362576750954088
0,362413333043912
0,362260645603429
0,362055996094783
0,361817849125701
0,361806425879467
0,361271668153211
0,361053827698907
0,360886750300739
0,36080913536142
0,360460627398709
0,360366649308874
0,360252746267694
0,359533177316408
0,35907332822244
0,358812435062435
0,357876610560547
0,357343668517825
0,357228933500716
0,357207017450689
0,35709626511458
0,356917842684606
0,35680158168886
0,35676688711006
0,355973930589475
0,35583771504778
0,355550097460937
0,355535388004034
0,354805199895301
0,353865405121586
0,353710336209861
0,353274693955853
0,353135264076615
0,352482839717821
0,352220436055739
0,352167495922252
0,351954254951391
0,351830918209426
0,351107484994135
0,351053445514182
0,350540215632543
0,35043412059419
0,350053886720941
0,350014712042324
0,349867034948464
0,34965034965035
0,349566059467881
0,348554942069909
0,348333045366466
0,347009147897342
0,346997075859038
0,34675056124874
0,34667507931251
0,346615727697397
0,346299119455714
0,346180889491264
0,346033876645741
0,345830644193955
0,345805505012056
0,345424160678849
0,344238585779267
0,343132952262254
0,34285615395127
0,34264332987688
0,342481956312384
0,34244132430584
0,341919991669532
0,341217837336745
0,34098296270765
0,340949483986765
0,340858559081291
0,340589423436282
0,339553852918012
0,338688474334548
0,338043855561435
0,33727010149423
0,337067495314542
0,336218427958296
0,3357672756849
0,335229441239829
0,33516332060146
0,335106181553689
0,333649586055914
0,332771914041718
0,332333320620676
0,332286786482362
0,332152936180985
0,331557054270143
0,330655057214924
0,330355842699286
0,328656674991707
0,32841728625369
0,32815436615771
0,328010178884581
0,327960013177098
0,327916041852434
0,327711413447879
0,32768267541882
0,327108596034907
0,326813326179211
0,326684104713046
0,325000529181439
0,324788202389325
0,324100574616007
0,323796693045282
0,32358730324752
0,323456678373395
0,323322374242188
0,323019684203149
0,322946535320639
0,322558646054866
0,32246624581737
0,322463921429352
0,32142082564812
0,32121191522752
0,320923779672122
0,32085550974751
0,320673946203599
0,320260652250665
0,31964970140842
0,319016827442086
0,318868985995673
0,31820305612198
0,318121665467801
0,318095277205116
0,317613573462517
0,317562140270043
0,31753528463025
0,317233190001956
0,317228422482624
0,317205255312105
0,316915347764922
0,315922164589753
0,315478874110049
0,315366561964887
0,315268655507991
0,315248840557352
0,31486217454387
0,314263008639328
0,314217916705653
0,313431098341227
0,312951431490255
0,312153330653466
0,311680793540467
0,311646271290924
0,31164405918017
0,311456418203069
0,311327074442552
0,311309376517597
0,311200718145194
0,311120217029697
0,311091540609895
0,310870784457576
0,31058626118702
0,310384301053244
0,310278676524365
0,309789791100519
0,309694350367305
0,309565164005136
0,309185513896049
0,308336220736688
0,308272822279478
0,308189285329056
0,307403795487866
0,306379059056267
0,305253978735372
0,304962922599521
0,304326412353719
0,304088587267688
0,30396490578059
0,303927409738578
0,303615454510396
0,303148755488309
0,302846080139462
0,302821409539363
0,302384424165767
0,301680110864568
0,301321153257718
0,300159995700367
0,300116895727416
0,299474523084622
0,299357256719919
0,299338893298604
0,298823081452687
0,297919724510166
0,29725010332093
0,297095036966362
0,297057337433016
0,296871231193346
0,296641941828777
0,295516579859029
0,293908421935991
0,293679844597899
0,293671501997805
0,293162381203696
0,292857591525644
0,292714685076556
0,29254448239137
0,292240753488386
0,292172507577003
0,291671040858238
0,291240920365282
0,291041843649137
0,290942884040669
0,290438456596701
0,290317057254096
0,288788510627772
0,288252549304809
0,287896001459326
0,287738015305233
0,28767702723267
0,287361811050782
0,287312701570046
0,286340002342035
0,286288497388928
0,286263941805215
0,284055557699194
0,283859151528247
0,283357385070508
0,283117863453139
0,283008404259624
0,282374813029527
0,282268636786252
0,280988245205608
0,280879607299692
0,28040504459121
0,280311861118624
0,27975271565403
0,279160904405934
0,27898797925062
0,27855043183175
0,278109364701933
0,278002450836951
0,277731981283996
0,277163022392655
0,276844381794389
0,276008860786579
0,275791691456166
0,275483631823123
0,27481321255782
0,274648622314159
0,274489840193524
0,274474777814427
0,274065109896748
0,273383434759932
0,273069834410068
0,272537274201719
0,272118156697868
0,271451778706712
0,270665062725554
0,270461875876905
0,269983928281368
0,269894402851822
0,268460935730927
0,268039413832542
0,26772421034047
0,267683885358192
0,267549196365591
0,267302959095053
0,267270661044861
0,267251884556321
0,266432071243858
0,266166270511618
0,265922763815739
0,265891567025063
0,265572591804965
0,26530699915479
0,264966622310511
0,264768955629383
0,264432243435929
0,264292961751611
0,264060457321039
0,263427621199759
0,263317338379595
0,263119567669571
0,262845513896896
0,262694187481013
0,262655161492195
0,26264390135795
0,262248530153354
0,262202223477559
0,261581681248012
0,260714485082258
0,260545545540264
0,260489153304342
0,260350099026112
0,260052761622183
0,259899863374381
0,259872467944254
0,259818283137642
0,259739156420575
0,259551436054132
0,259546101749925
0,259525407484305
0,2595092020952
0,259162445595998
0,258746375146113
0,258735528667588
0,25850823992177
0,258376506617424
0,258278179933502
0,258244079211978
0,25820486959787
0,257663637632954
0,257413920779974
0,257262812989333
0,256598916185099
0,255071308274817
0,254050096023021
0,253606094669197
0,253291345893442
0,25248752096643
0,252449615003562
0,252442935513655
0,252373057659755
0,252194832163059
0,251888912733533
0,251071632873473
0,250994577676929
0,250874560568162
0,250586339501461
0,250495898491356
0,24888253452566
0,248524885632676
0,24826556773232
0,248092943989812
0,247960543733827
0,24783581050597
0,247551093765647
0,247429373833873
0,247263833312368
0,246877540127628
0,2466115772606
0,246555281005462
0,246550825667935
0,246513519199955
0,246496011851464
0,246340355482344
0,246216556591413
0,245753395425715
0,244228237355302
0,243887072633989
0,243719503486599
0,243329002703864
0,243232966682957
0,242920366574686
0,242481993845386
0,242316127450561
0,242077826250519
0,241906268008509
0,241817276365419
0,241203090058511
0,240855561415562
0,240205794352988
0,240094982048803
0,239165970141432
0,238528767136974
0,238473776480496
0,237526871574555
0,236933630544883
0,236794020080251
0,236451491630993
0,236279646316236
0,236032708357225
0,235397371830152
0,23534360264606
0,235224962749585
0,234609379314625
0,234148588403608
0,234096631808762
0,233973704505624
0,233749431384016
0,233701415738977
0,233275943809796
0,23266816224785
0,232150263342113
0,231672239163969
0,23104546584678
0,230686049097186
0,230666918550045
0,23013455059543
0,229876390988893
0,229145751058068
0,228892843917447
0,228865866807657
0,228840383742013
0,228574301184123
0,228273222441599
0,227795242339573
0,227322954559395
0,227125518380435
0,227006389010761
0,226943595548854
0,226905604243088
0,226309296228746
0,226089921323214
0,225613256237844
0,224727911882392
0,224694171772361
0,223975135837029
0,223794840402556
0,223781589145389
0,223576208350279
0,223509557407398
0,223438848119198
0,223370925908132
0,223355036231469
0,223168430071241
0,223153038728043
0,222214907415156
0,221811826523336
0,221555961502337
0,220857571447923
0,220467413764973
0,220201626381083
0,220051415201722
0,22004871859317
0,219622622200597
0,219612125705245
0,219481350301492
0,218646279368594
0,218523951183441
0,218462318278283
0,218304066572248
0,218221121986752
0,218177543229055
0,21809487599476
0,217870459931503
0,217321491468664
0,21725896154202
0,216995384747773
0,216204140713524
0,215407646793094
0,215156924354508
0,214709656722289
0,214523082690214
0,214340366566445
0,214182723796951
0,21412713782892
0,214069786984074
0,214036046940711
0,213451307145106
0,212935498523468
0,212811845410564
0,212773784174612
0,21259837700946
0,212454099857256
0,211328716992212
0,210687686706253
0,210377778022151
0,209964710984574
0,209846424889513
0,209529590518958
0,208897261813205
0,208728784964034
0,208628353562125
0,208431792331749
0,208242846891866
0,207302306378275
0,207272517267584
0,207154585388363
0,207125220874272
0,206585981399496
0,206436160192928
0,20615772286403
0,205571316257664
0,205549705055154
0,205530195785699
0,205390528884032
0,204664148826137
0,204294377744551
0,203724465055528
0,203273634080721
0,202807770106859
0,202717394366494
0,202657692990313
0,20252156423097
0,200718992770048
0,200681526213547
0,200438981033091
0,20001604753372
0,199923940050717
0,199898121636739
0,199667014554997
0,199637047140128
0,199180908675957
0,198779797999496
0,198726004898548
0,198531185442936
0,197655935744709
0,197440368471166
0,197118517543105
0,197025968948663
0,196781691695037
0,195281373437672
0,194944187451017
0,194543645972807
0,194421817672909
0,193967218062414
0,193953315701594
0,193565807883299
0,193554123884423
0,193100374666704
0,192879659961999
0,192678321861501
0,192623062493204
0,192340599901051
0,192234751600323
0,192108004401271
0,191994314064562
0,191831347922307
0,191303704260286
0,191107156442004
0,190729217952313
0,190509708355367
0,190387943299838
0,190157244014974
0,189828667389004
0,189449449876063
0,18870845316274
0,188448339001079
0,188190193142182
0,188024957222696
0,187529298475721
0,186310862691666
0,186076018856929
0,185692674838615
0,18485916646649
0,183950364253943
0,183846938140397
0,183771911693771
0,183639659159127
0,183549938339634
0,183501558838033
0,183439741164885
0,18322171644794
0,182341893028726
0,181745469484061
0,181234967662415
0,180888447235691
0,180794291199171
0,180573407666872
0,180375683122383
0,179461717507447
0,179249398400821
0,178372830866375
0,178338793777986
0,1782606129291
0,177967957787935
0,177489952851209
0,176628019892393
0,17661248372626
0,176445294213896
0,17499042714913
0,174810874536609
0,174709376320651
0,174547057193213
0,172972737346234
0,172450697529828
0,171959504453902
0,171312286772634
0,170971358018548
0,170860048673716
0,170762944190893
0,170269357866961
0,16996347392906
0,169760126136882
0,169507203423369
0,168978225511378
0,168647587475964
0,168211352325164
0,168204442795661
0,16808731172412
0,16776100655122
0,167722887578178
0,166876734832316
0,166758076954086
0,16672333658734
0,166361654451106
0,165880723982364
0,165527047868795
0,165426602184927
0,163748183067927
0,163556373793411
0,161831344301427
0,16144422456312
0,160750796967711
0,160542062504487
0,160237217823209
0,160109437594093
0,159692629091175
0,159351844677361
0,159176129373929
0,158472690864348
0,157847674323947
0,157569667229928
0,157238696929091
0,157143696508103
0,15641088640485
0,155630165905926
0,155334667331254
0,15502208815193
0,15457649670276
0,154452147976882
0,154096653601791
0,153854716858264
0,153449068741164
0,153410968816467
0,153145736984708
0,153030601738767
0,152437814370257
0,15231734498893
0,152198073975642
0,151863588304277
0,151810552560333
0,151626471256215
0,1513684034023
0,150843372042044
0,150693786132713
0,150430267005715
0,149850973380379
0,149839050023349
0,149598244367484
0,148976955864787
0,148770910141791
0,148728782326725
0,148691421725503
0,148628848857906
0,148561060771573
0,148532612468084
0,148457748585954
0,148214047139672
0,148066617400067
0,147806144339635
0,147738753261091
0,147729466614737
0,147698683527949
0,147110896274147
0,14699714853308
0,146922231957542
0,146830247846301
0,146637246806058
0,144696089399627
0,14431556839012
0,144225936928247
0,144040574415929
0,143927564284271
0,143792801224533
0,143643299085025
0,143363791798404
0,142966712887367
0,142198304316807
0,141905621013099
0,141840065218296
0,141683397119762
0,1414858478731
0,141242301197655
0,141210388731011
0,141018209031199
0,14072117473386
0,139599820372076
0,139295671595675
0,138830449651602
0,138660215106132
0,138050336873791
0,137850471129717
0,137668598601518
0,137480591865163
0,137359645643386
0,137148076574637
0,13699078245667
0,136941685278773
0,135773161893937
0,135693611143295
0,135093620206799
0,134998215811665
0,134906964927271
0,134902942863521
0,134439309504991
0,134315440580706
0,134219356684958
0,132277880869955
0,13210842155647
0,131902087429245
0,131673027593985
0,131642220145213
0,131602548456981
0,131308478760911
0,131110447676828
0,130897003031863
0,130300563415955
0,130269997768208
0,129878574142443
0,128735709076842
0,128087722790518
0,128042329521734
0,127359288503057
0,127270831528754
0,127218469869179
0,127053789973275
0,126988504880633
0,126417957978961
0,126235865512941
0,125545579265703
0,124688949029126
0,124314081509038
0,124002682064834
0,12382981933121
0,123817826767052
0,123500529427298
0,123094636380394
0,12281191953255
0,122804801484707
0,122753745810029
0,122143181770589
0,120043771194601
0,119943770911146
0,119759056226652
0,119487500826352
0,119296178306999
0,119281584885192
0,119114869792025
0,11910455433758
0,118965968663697
0,118671313508455
0,117896014877473
0,117201376796013
0,116871461474346
0,116126396513762
0,115552532837157
0,115465426044584
0,11484941711701
0,114582604251782
0,114456383738063
0,113783380508915
0,113702971524577
0,113526149472419
0,11332924555067
0,113262603240464
0,113175367979852
0,112629521001259
0,11236103978897
0,112222261828703
0,112177727390526
0,111990152612328
0,111792965106865
0,111427401953574
0,111407713033609
0,11111503351442
0,11062361405976
0,10970242706284
0,109614194291705
0,109561789331244
0,109422230406978
0,109312675485087
0,10923541343714
0,108765532377464
0,107964279362148
0,107503139529166
0,107436182153295
0,107346218903895
0,106907671677678
0,106514145515078
0,10632959603709
0,106288882781409
0,106132263992488
0,105939841878062
0,104801431492746
0,104668076762371
0,104630862643606
0,104308141327655
0,104187550009019
0,103847190301128
0,103459956947406
0,103245387078353
0,103168164647082
0,102410955635954
0,101277276687859
0,100948933971734
0,100560081253033
0,100341661027554
0,0997513536833767
0,0992278073977771
0,0991812418068314
0,0990091959136698
0,0987981031190352
0,0985342979643065
0,0983973073410458
0,0974857435188242
0,0974745060389759
0,0968088473368876
0,0955933195148356
0,0951008826173687
0,0947759438133167
0,0941603193758925
0,0935975184233653
0,0931012721025106
0,0929238857843795
0,09248554155215
0,0924536234597125
0,0924471153988782
0,0923566593252236
0,0922449132253516
0,0922027271237024
0,092114149581266
0,0917238630625805
0,0912493401070602
0,0907525874237733
0,0907308567899364
0,0905722344128798
0,0904904507197492
0,0904368557197301
0,0901934840988079
0,0900571493860031
0,0895818624829942
0,0892506424579736
0,0883142443880766
0,0882717302585339
0,0880286595789998
0,0875873634240507
0,0873325828975118
0,0859160212764521
0,0853522973179328
0,085089599243719
0,0848815259848894
0,0839116701478304
0,0833431107112817
0,082889448621564
0,082867552115679
0,0828193912544232
0,0823772345552868
0,0822010759171548
0,0815409719116028
0,081481985777994
0,0813491811408107
0,0807821061986691
0,0801842471154292
0,079389791476993
0,0781193512079229
0,0775220491077096
0,0771959866599923
0,0758445197808766
0,0751175610212627
0,0748730496965799
0,07479473189261
0,0744684827516766
0,0734995664396499
0,0733699851400544
0,0733506410386457
0,0728705762005052
0,0723647722736233
0,0721514396906228
0,0719108740762553
0,0713926187144318
0,0707783442643609
0,0704874478121781
0,0701953939794217
0,0684402536226511
0,0682996244015559
0,0677708044257249
0,0669528270450657
0,0668291556751992
0,0648236308451856
0,0638586136198416
0,0638025165825748
0,0637184817222189
0,063249103305667
0,0630793758996836
0,0629024857699739
0,0628736120648426
0,0626155713964287
0,062610741781924
0,0625073330334613
0,0621838642851528
0,0620904924341802
0,0619686761185753
0,060404653589444
0,0582554427967283
0,0554901043953611
0,054903875610843
0,0546351137501742
0,0542822672805432
0,0541792447520361
0,0538626317883107
0,0522880729589505
0,0522244122492828
0,0519807606455293
0,0516159412180757
0,0514632361200958
0,0510708769605249
0,0509641365386829
0,0505350039769126
0,0501879693547168
0,0501683537689462
0,0499122693513881
0,0498313364869981
0,0492122055882804
0,0487524664747139
0,0458704265990233
0,0448579683663851
0,0445461409374517
0,0444065763694227
0,0433895025356876
0,0426680079801829
0,0406259007998726
0,0383688376104214
0,0379712164026884
0,0377198683259816
0,0354340423737594
0,0344728848005384
0,0342310567552609
0,0329985798109345
0,0301672255401922
0,030142871951818
0,0296223179933154
0,0282482784305185
0,0278276260450973
0,0251110883672744
0,0237728640479367
0,0235807152311494
0,0235737631221208
0,0228134179213677
0,020262112571047
0,0194545549433538
0,0187950523452133
0,0187778570435209
0,018486668731527
0,0179248283667889
0,017509348400463
0,0174467230792363
0,0169209118094163
0,0167215203084423
0,0165564625382079
0,0163475280593606
0,0155713914543113
0,0151552208165016
0,0148282206297664
0,0146248752420836
0,0146122070567069
0,0143991052983808
0,0134968513116552
0,0126456328378184
0,0104028531821772
0,0100410490889451
0,00943228609245976
0,00810484502841881
0,00761228956659048
0,00666360345311712
0,0063026228828239
0,00623353553670614
0,00479212333436933
0,00428171966561993
