0,823252039431139
0,823252039431139
0,78967348879321
0,78967348879321
0,746745918007769
0,746745918007769
0,742104923806365
0,692969473125581
0,630884290409134
0,609059214277436
0,604306900226558
0,599722997070371
0,58959912280325
0,583461034949308
0,581191576317284
0,580360191361135
0,576744549063232
0,573440926883406
0,570698139135217
0,568767135346506
0,56831178840513
0,566239731833861
0,566184227653958
0,564189046973303
0,563328171716946
0,563317210975117
0,562318521416202
0,562204646011193
0,560991832316598
0,560989732742608
0,553439833763233
0,549967505031505
0,548079389653285
0,54715271953612
0,546788057114635
0,546568654248207
0,546244010437301
0,545619745570199
0,545033940960784
0,544814078093901
0,54393263542329
0,541078524122795
0,540720055926024
0,540120047881591
0,539937175168566
0,539880247825488
0,537620550128485
0,537324628252419
0,536944924736727
0,533212493054529
0,533035715794814
0,531805225515085
0,531707796750326
0,531073951578326
0,530716427946452
0,530447730180868
0,53031008547071
0,530027060718863
0,529789187942987
0,529689730198148
0,529443248119248
0,52920784898903
0,524379202917242
0,523997506090399
0,523732537162121
0,522921380105821
0,521992479773373
0,521468122548856
0,521263134618053
0,521099921327368
0,520787145258326
0,519284693062156
0,518867822420179
0,518833993249748
0,518678742900485
0,517094391613394
0,517003463428119
0,516825567953985
0,516806429130168
0,516643752904281
0,516094104683365
0,515310342006166
0,515161422294538
0,513856052758211
0,5135874000025
0,512761233481981
0,512595302484976
0,511845167580164
0,511821526739454
0,511490097489073
0,511014324224635
0,510238243920806
0,510042977651648
0,510022641646464
0,509912465173154
0,50954307358695
0,509463450004517
0,509399290616398
0,509117949387221
0,508004054005651
0,507914596327559
0,507621913669252
0,50693364169891
0,505384175114021
0,505187875320983
0,504397218293171
0,503597725931257
0,503509861829591
0,503425121518379
0,503348354511085
0,503167410121826
0,503006588787326
0,502729804355757
0,502536148868943
0,502325305516218
0,501696936130054
0,501679118862386
0,50122800518818
0,500296577879522
0,50024907007979
0,499655650653937
0,499485523824846
0,498849594564798
0,498476042255512
0,498343536246359
0,497714633061577
0,497195398738755
0,497053245007542
0,496692784061904
0,496158013144964
0,495889186770083
0,495678741914217
0,494861294902783
0,494518797273207
0,493935042253285
0,493280281558528
0,493248268006006
0,492895475025329
0,492743999903324
0,492335716970731
0,492140988462314
0,491001140919726
0,490783077474719
0,489792230160031
0,489589318238032
0,489400144743818
0,489213828456277
0,488965818175175
0,487994328698433
0,486993456102459
0,486626153859355
0,486566170371638
0,486344541435034
0,486344326045763
0,486150341837096
0,48588592698944
0,485468678979779
0,485432211507482
0,484652780736939
0,484436679813902
0,484384012953052
0,48427130519328
0,484238510069722
0,483646115596146
0,482980722666621
0,482857971122253
0,48281342361895
0,48281342361895
0,482247583090594
0,482102454225233
0,482084986501057
0,48189798714342
0,481271652024775
0,481065789227794
0,481054460613259
0,480848843632532
0,480341449984442
0,479689406682007
0,479689406682007
0,478730751739615
0,477897982955126
0,476772512659046
0,476461103210761
0,47591624610228
0,475359590652943
0,475252128379668
0,474938366749996
0,47416691813075
0,474028942313593
0,473824998659844
0,47348868038163
0,473386932719389
0,473194551435276
0,473067336021367
0,472641563573715
0,47199701264007
0,471771505514821
0,471709291760354
0,470793654577267
0,470616421583672
0,470350518555542
0,47025819728573
0,470122071805003
0,470103399941525
0,470077595885592
0,469843921874991
0,469310715208846
0,469045902677577
0,468840208674387
0,468167827701096
0,468161612828888
0,467773744942998
0,467352276159448
0,466979367468673
0,466562190513201
0,466427648515623
0,466408898856306
0,466227380958271
0,466042040611953
0,465965906897578
0,465965906897578
0,465956142198823
0,465849175279658
0,465781445122511
0,465706345306739
0,465682123043829
0,465674066621072
0,465348356758368
0,464703626787534
0,464644604861331
0,464112211874074
0,46398481458253
0,463922326220801
0,463576630005479
0,462875446476756
0,462852024640987
0,462607041383812
0,462362554066183
0,462362554066183
0,462312082682768
0,461613458305037
0,461551483964747
0,460890194503351
0,460658370073846
0,459961938003582
0,459811434049805
0,459512639242096
0,459139803675732
0,458578405381588
0,458420582663138
0,458126394937784
0,457336411429327
0,457045090666949
0,456334417385025
0,456057314758072
0,456043403772389
0,456023445616805
0,455413178455528
0,454997556811601
0,454181496189794
0,453830997293733
0,453780828682291
0,45374516715288
0,453713494007648
0,453671842637894
0,452588721251734
0,452287993398387
0,451932370238339
0,451691068548124
0,451531348453336
0,451279912387221
0,450649613749491
0,450495927253412
0,450301332354747
0,450169722394132
0,450139540200065
0,450089183847011
0,450087769639405
0,449949122940418
0,449889636416428
0,449889636416428
0,449531179010324
0,449177113144827
0,448961321559657
0,448808749746218
0,448803609034461
0,448703810247527
0,448042730501456
0,448017494471631
0,447968876450759
0,447543849028461
0,447421662589714
0,44725263141436
0,447209718149889
0,447010811959731
0,446904664396676
0,446816222699454
0,446601455020234
0,446504891244727
0,446411387970677
0,446295220116883
0,446288073877008
0,446237637925038
0,44612907424014
0,446102559892362
0,446102559892362
0,446102559892362
0,446102559892362
0,445718178742796
0,445617832218853
0,445562307873771
0,445503813003079
0,445174225362915
0,445158065686152
0,445086802065004
0,44499260605874
0,44461958541059
0,444460970453588
0,44430314307074
0,444164557696373
0,443983203362467
0,443923309387428
0,443843810920514
0,443173586317666
0,442890393568748
0,442520040601761
0,442340869574655
0,442334631703349
0,442320789668639
0,442218477929206
0,442133514197897
0,442003362498578
0,44196421527825
0,441854383586497
0,441788284444289
0,441737863440755
0,441731129758583
0,441629827603978
0,441379177295655
0,4413000772356
0,441260949029563
0,441212957379179
0,441050029796545
0,440979357078295
0,440691985425294
0,440546881119114
0,440429383257896
0,439513140922882
0,439269290744173
0,43910801052386
0,439089538117357
0,438846555633015
0,4388279277667
0,438782728192667
0,438471990266086
0,438471721636142
0,438232527283308
0,438132708883308
0,438123151477063
0,437919672625763
0,437778960620836
0,436648826166613
0,436573244139369
0,43622673802322
0,436163076271161
0,436134287944932
0,436092768332257
0,435901048925876
0,435816643898384
0,435779043243191
0,435593953713163
0,435518668730493
0,435309929307536
0,435180199942788
0,435161239567528
0,43504402450531
0,434755361781867
0,434638156540222
0,434633989546208
0,434625977626988
0,434604347850244
0,434514095142436
0,434444315315537
0,434333507365775
0,434220105761442
0,434125280549311
0,434107807500977
0,434051636610484
0,434013135727487
0,433760182729308
0,433699016690747
0,433532837636856
0,433389654223708
0,433308171041107
0,433301819767788
0,433101556142123
0,433051637608379
0,432957267042191
0,43272480457414
0,432434061386927
0,432316606568021
0,43226412310679
0,432036724427147
0,431998012077192
0,43192236371381
0,43171272384508
0,431706786731056
0,431522341476962
0,431310726071136
0,431292557070245
0,431230900873099
0,430857490625406
0,430670701313884
0,430473939164588
0,430430701375339
0,430076984785615
0,429572321885459
0,428996239078071
0,428907130684912
0,428890913656586
0,428752063471181
0,428692698079159
0,428662474987497
0,428495571206103
0,428250474086077
0,427928504389348
0,427870922963085
0,427795049132059
0,427342867583431
0,427225728182053
0,427171012013881
0,427167214856498
0,426982571436782
0,426934872055465
0,426912216103418
0,426669537504679
0,426639060360151
0,42655439467368
0,426244777941101
0,426212625532148
0,426018482221425
0,425871955564388
0,425614102308627
0,425546472722934
0,425544573616207
0,425393060128255
0,425368602785074
0,425208278064836
0,425146407580702
0,425127883352731
0,425003772706822
0,424640427079316
0,424494083304857
0,424312675863808
0,424248295001286
0,424134847691382
0,423876264562811
0,423861199908844
0,423737780207606
0,423618899866892
0,423583400512491
0,423465630981515
0,423399077126661
0,42332279992426
0,423256885005992
0,423107653441893
0,422820228929937
0,422669251879529
0,422586137684354
0,422568849925367
0,422155301313084
0,421870673076837
0,421863410990217
0,421720099880524
0,421562515651862
0,421562515651862
0,42125540212448
0,421176180696542
0,420812005417358
0,420699119646438
0,420551254887939
0,420525995098342
0,420401681101009
0,42019960573448
0,420109511117366
0,420061033870394
0,419868161356336
0,419830765220946
0,419539934176166
0,419497418512851
0,419324975309924
0,419290788976355
0,418970800926435
0,418821767340369
0,418468318782391
0,418424668535221
0,418373521656093
0,418361486191384
0,418327964580333
0,418112196058553
0,418052078521879
0,417999036652677
0,417993595300757
0,417962416967497
0,41792354266096
0,417891745387397
0,417555593809236
0,417516130644829
0,417187038171644
0,417088348177921
0,417015102189109
0,416705296274114
0,416346509667769
0,416124152609808
0,416056240698845
0,415944001616962
0,415850749884087
0,415805669360773
0,415804789707074
0,41569923825073
0,415563336589105
0,415494359354075
0,415267432020137
0,415161577347965
0,415152468235259
0,415046176610344
0,414891273181406
0,414609500310406
0,414559224824709
0,414464127658658
0,414418794401586
0,414200713974931
0,414129311393422
0,414046029571795
0,413480789475636
0,413440593912625
0,413388302384471
0,41332284195695
0,41311999162868
0,412885804181555
0,412764724672032
0,412663116940936
0,412633056567315
0,412400965288306
0,412274176543808
0,411943393802762
0,411698135200058
0,411682248076297
0,41141755239811
0,41112467714792
0,41109243271937
0,411073861845253
0,411059710294892
0,410995160256622
0,410918878548378
0,410893304689574
0,410829876008351
0,41077257487799
0,410736569357045
0,410473447435683
0,410455563293655
0,410112820297581
0,410033694190531
0,409974958078699
0,409887132911867
0,409862783971042
0,409734924408902
0,409715549288489
0,409608373686766
0,409364562058295
0,409277085463967
0,40924097892127
0,409191269029592
0,409018890678949
0,408899744772107
0,40878204064198
0,40874459206849
0,408726865560798
0,408715347899358
0,408609030937852
0,408279495498868
0,408210168256355
0,408177457419977
0,408171203105375
0,408092357902956
0,407877480531782
0,407695138584491
0,407569096670621
0,407425584792361
0,407290354442223
0,407252751725874
0,407150247044998
0,406887652037791
0,406510264350042
0,406369439556801
0,406139956989339
0,40603783243618
0,406030803249944
0,405934946713184
0,405928367899692
0,405883100165667
0,405614534445406
0,405581455375631
0,405502326914221
0,405436585806722
0,405393245915046
0,405387515635167
0,405382432444408
0,405363383258367
0,405309531752446
0,405154975472973
0,40511378054121
0,40494933355474
0,404939880486508
0,404685189631377
0,404597465036704
0,404568725406799
0,404499848761477
0,404477583580156
0,4042376604123
0,404012524327416
0,403965029939465
0,40375307787678
0,403636992776067
0,403611261179975
0,403572633663741
0,403455757769393
0,40344496842471
0,403185609128784
0,402992274125582
0,402983782303291
0,402820921235566
0,402759472839809
0,402388845585541
0,402239600599627
0,402186705500359
0,401709351529377
0,401651833774536
0,401413556185219
0,401093555832313
0,400954407820763
0,400879749564346
0,400809302782622
0,400714632962594
0,400705165207057
0,400562044450569
0,400500567709049
0,40041422834818
0,400399415109088
0,400356329567642
0,399998433088494
0,399705323579369
0,399641584052184
0,399382641522742
0,399268717936553
0,39923826497632
0,399177080415111
0,399175317290372
0,398971071034107
0,398574033400475
0,398490257282303
0,398415858961977
0,398237891550594
0,398211005963893
0,398193908074187
0,397813307228703
0,397736271293007
0,397711374084902
0,397435796671843
0,397337105754927
0,397259508527111
0,397202576179226
0,396813524981703
0,396810461296459
0,396801538360218
0,396737196926757
0,396666601252408
0,396631880348541
0,396444159180219
0,396379182357431
0,396334995782861
0,396323726716358
0,39632026517902
0,396273724762753
0,396144638357058
0,396103427826864
0,396049426520818
0,395764448703881
0,395663476039055
0,395659958930468
0,395576538463637
0,395140281068691
0,395083267146985
0,394971136261227
0,394868963264201
0,394854045849252
0,394801076235309
0,394788235485081
0,39456257153589
0,394436143005344
0,394346382015673
0,394272571920727
0,394200981488921
0,394153423189937
0,39414833346757
0,394121707590256
0,393951667599332
0,393930207290106
0,393875413279006
0,393735456751006
0,393683428166524
0,393660346772695
0,393555061597244
0,393533846379155
0,393485003851886
0,393437808589313
0,393179076182225
0,39316976168307
0,3928785663951
0,392862453678379
0,392854548205118
0,392784042931511
0,392668462295145
0,392663196597869
0,392555785585903
0,392471777340893
0,392471096615133
0,392432941190054
0,392378171829856
0,392327494128486
0,392252021408545
0,39220616011382
0,392119179019839
0,39198467165075
0,391784850598863
0,391741888415127
0,391634032884633
0,391571611714217
0,391551903309971
0,391539640053027
0,391431303313707
0,391349781432975
0,391101883935722
0,391020256852388
0,390984893726937
0,390803476138499
0,390802930740237
0,390746548008975
0,390742692786932
0,390689350605678
0,390648831093902
0,390552269197858
0,390432757569712
0,390188342276849
0,390088089825594
0,390046047951851
0,389943133223998
0,38993267014942
0,389658205428956
0,38917972574845
0,389103314656526
0,388792912464962
0,388563319196747
0,388550274302322
0,388538049186041
0,388383603656727
0,388354097675454
0,388101436800309
0,388029031489334
0,388006565311968
0,387964327078167
0,3876187396397
0,387498119396188
0,387491166366415
0,387448702907448
0,387409432938418
0,38740102021391
0,387393137250138
0,387359522952065
0,387347560665655
0,387254599602539
0,387208412850155
0,387202432620727
0,387153410587106
0,387138333844351
0,386971939967402
0,386956122120383
0,386814083292459
0,386720491944395
0,386435250187965
0,386349361420132
0,38619281297692
0,385952314224397
0,385932505864158
0,385838450470482
0,385819711801529
0,385742277993
0,385693752034592
0,385659605480705
0,385642778842389
0,385636111410647
0,385591935406979
0,38541707946109
0,38529849931732
0,385084139174986
0,38496420596512
0,384876299457456
0,384784366301754
0,384595583706711
0,384586168980965
0,38444896239956
0,384381690047295
0,384185368791415
0,384127242585905
0,383936049214849
0,38390553139193
0,38390360576835
0,383901997163052
0,383881791651789
0,383506959037379
0,383498526578813
0,383487520956876
0,383478953320729
0,38334077978823
0,38334059186491
0,383299417323828
0,383255115615867
0,383227123954087
0,383196892249528
0,383130576868772
0,383002289094591
0,382913504975633
0,382874039471886
0,382575829523996
0,382561851615371
0,382294542404603
0,382016760916901
0,381952223846637
0,3819262962861
0,381688199435523
0,381592515784868
0,381512861715271
0,38150935176536
0,38150423201242
0,381495518232816
0,381412324962627
0,381285164444108
0,381235077294402
0,381200259709544
0,381192396663894
0,381106336751614
0,380966864942801
0,380926446719131
0,380885429305644
0,380787364191205
0,380693574334829
0,380532817587316
0,380513737005536
0,380426378595492
0,380263056547538
0,380073965660663
0,380059818710424
0,379778206277372
0,379723086642091
0,379673484363168
0,379453083088779
0,379403826744282
0,379308425002814
0,379017515561871
0,37887407667593
0,378808316108409
0,378626444548225
0,378601133748189
0,378536664292545
0,378498804274289
0,378426825962941
0,378416680281942
0,378309003663595
0,378277522010165
0,378229664976499
0,378217329981918
0,378029475990625
0,378018030434969
0,377799905382621
0,377764803431128
0,377737356451932
0,377726115299373
0,377723166633789
0,377699934752108
0,37757159594988
0,377491297815425
0,37737814953176
0,377323122319767
0,37718371717889
0,376985311046585
0,376970064859611
0,376946388560577
0,376787579152209
0,376734697163872
0,37670591201455
0,376671644104156
0,376580476940323
0,376552261127325
0,376374110173222
0,376322094494131
0,376182524292551
0,376124909932744
0,376045931110378
0,375915695907165
0,375880868472715
0,375427700637733
0,375299364397821
0,375096516206185
0,374956571884437
0,374830297227193
0,374578432376384
0,374570775170498
0,374293047138735
0,374229500002336
0,374066786378423
0,37403281639523
0,373960659965858
0,373948527381763
0,373820781335275
0,373697755229452
0,373643272550026
0,373549763979157
0,373523809043994
0,373383088932239
0,37302875521403
0,372860291677556
0,372806506158248
0,372764083861919
0,37273606722924
0,372718428449991
0,37254090152962
0,372447294549565
0,372385990543762
0,372286682395086
0,372265916260205
0,372083995011035
0,372052449630003
0,372047090139292
0,372009659767356
0,371910857116813
0,371906098922892
0,371854824531862
0,371824623079207
0,371820956251955
0,371805093941289
0,371534816808796
0,371452732286865
0,371185709167545
0,370974682829206
0,370923410680434
0,370821520056982
0,370730132236809
0,37070493801421
0,370476893841348
0,370450859336867
0,370355262967033
0,370323274433622
0,370287765189429
0,370097178480057
0,370072537107308
0,370036967011493
0,370007324934504
0,369998258604588
0,369946520299092
0,369906448354548
0,369825053541439
0,36978944098801
0,369694690447976
0,369616672353966
0,369517009509636
0,369455573562911
0,369401129631368
0,369222357572096
0,369178015515835
0,369130678641589
0,369045982518717
0,368852533055796
0,368839512337623
0,368690435136086
0,36866446318058
0,368626850616519
0,368626660045288
0,368552392408087
0,3684463972711
0,368378867568679
0,36826343473176
0,368042526266008
0,367987258095265
0,367885466718463
0,367831391446322
0,367685179279069
0,367592083193909
0,367559188388608
0,367285556246067
0,367245239948534
0,367200430717883
0,367117228443976
0,367082642305814
0,367034440535649
0,366998657746512
0,366800984457727
0,3667341665963
0,366410702658976
0,366316119494297
0,366306269210305
0,36630327475832
0,366203147779942
0,366049667526084
0,365967999824068
0,365916277662995
0,365725932937709
0,365713551156781
0,365632388507366
0,365512755911893
0,365412303047845
0,365340483703888
0,365276409298626
0,365273271153238
0,365225092809893
0,365215702099048
0,365101600472546
0,365048437186645
0,364967444779834
0,364931810799832
0,36486075188141
0,364816834653295
0,364723930313214
0,3646968239059
0,364583266700512
0,364407414488355
0,364268549574209
0,364266833207684
0,364265759221
0,364060612363168
0,364041935483846
0,363807890946505
0,36368628380379
0,363660111867794
0,363646802669978
0,363604423067087
0,363570776312009
0,363465776502548
0,36326933236436
0,363099453942751
0,363039925980767
0,362960025105176
0,362934988083787
0,362932558307987
0,362778072245861
0,36277740151163
0,362672547925741
0,36254988622647
0,362410707886197
0,362235925670924
0,362121662411736
0,362086598234517
0,362019664709776
0,361972309462597
0,361674824105093
0,361556230480264
0,361538151521212
0,361459924707643
0,361444226302899
0,36128076440215
0,360986105578688
0,360923703193298
0,360726107653735
0,36067288306068
0,360566762284319
0,360501727250012
0,360485644609193
0,360430553693609
0,360380494744412
0,360147506192185
0,35988225753661
0,359815803206428
0,359782260707096
0,359709270967539
0,359543453228272
0,35910355827715
0,358904074134543
0,358787825129814
0,3587728904531
0,358635406480421
0,358604583061712
0,358556759489287
0,358534913303464
0,358442912796733
0,358326982861151
0,358253068200838
0,357963845113133
0,357906833176541
0,357564351617142
0,357515996454413
0,357485670581624
0,357414785628399
0,3573628739223
0,357307937849547
0,357193636858771
0,357132694306697
0,357048811970319
0,356883712948206
0,356851274444257
0,356849665725396
0,35683922536792
0,356835135075431
0,356764307904715
0,356700460544666
0,356677920693595
0,356649257171176
0,356643898586285
0,356406128528151
0,356300602120227
0,356103917770304
0,356030341669771
0,356023363421057
0,355819695402931
0,355762652907937
0,355658271877567
0,355657562165186
0,355598076126251
0,35541280722362
0,35534071002405
0,355336782747239
0,35521386272421
0,355206018892925
0,355159187321084
0,35514678250284
0,355020990759487
0,354906631268193
0,354868648754604
0,35485095799308
0,354742766165251
0,354724587033942
0,354663158922576
0,354632614982821
0,354608855574496
0,354566067246168
0,35450887767055
0,354467738667569
0,354399967123274
0,354203902082012
0,35405308126348
0,353977002761439
0,353889433335763
0,353824068398759
0,353803326607417
0,353764324390575
0,353696250340781
0,353660935495016
0,353616284531528
0,353547068058362
0,353443891631942
0,353421768530658
0,353407194920368
0,35340618868383
0,353381707278567
0,353357982716267
0,353252075007748
0,353225317230412
0,353057058297207
0,352949169243637
0,352815605579219
0,352778936928748
0,352678849924668
0,352638940926895
0,352266115455659
0,352187307995953
0,352139681587102
0,352072500640255
0,351875356058141
0,351761023468422
0,351728849762034
0,351674092093477
0,351584151582339
0,351367551245008
0,351334093528377
0,351286489435226
0,351056591303023
0,351054673867451
0,351037361825336
0,35093285935388
0,350797271805242
0,350743819418176
0,350723553724229
0,350685634127407
0,35067391888801
0,350628062594118
0,350505901690332
0,350427227065723
0,350374329705506
0,35028497035855
0,350233366096104
0,350224340847445
0,350215596025446
0,350186773880928
0,349971778521822
0,349971778521822
0,349926423592064
0,349926423592064
0,34992139715712
0,349853372891337
0,349845493058179
0,349802637828927
0,34947202338254
0,349470114078469
0,349431613995612
0,349063730381898
0,349012428781425
0,348995126985717
0,348990186509838
0,348963144726482
0,348959653669801
0,348846263716359
0,348756392291822
0,348722652634197
0,348703093876333
0,348649267706613
0,348633922258531
0,348523327535029
0,348335060466618
0,348326256308437
0,348307862628057
0,348228177889745
0,347985706299839
0,347938722859781
0,347899506586208
0,347895050527059
0,347842442332538
0,347808727016809
0,347694475206251
0,347603398005586
0,347457599934821
0,347257115865717
0,347231785471067
0,347156749636744
0,347118078160301
0,346965637544831
0,346963913861284
0,34691826143529
0,346822897070518
0,34675575264287
0,346704122595099
0,346619927924973
0,346521014318991
0,346498717244421
0,346435224378034
0,34642425317858
0,346332885585869
0,346286145294154
0,346214047835391
0,34618761798134
0,346180363501595
0,346100052044887
0,346076932056961
0,345753105065429
0,34564087746879
0,345487117617844
0,345461114181612
0,345332363235717
0,345271961580369
0,345218097876659
0,345202858912313
0,345199863240302
0,345199789753861
0,34502117448137
0,344866483883062
0,344828203974161
0,344623270354643
0,344605177962678
0,344531152943947
0,344530201211008
0,34452467360246
0,344509468285919
0,34437839609771
0,344311327898144
0,344243792350494
0,344118819754293
0,344091363240495
0,344078931397148
0,344026189426412
0,34393833613133
0,343805088914644
0,343759062841094
0,343715977144005
0,343647995017937
0,343430882013823
0,343410862568116
0,343284407751639
0,343262287903191
0,343240910898838
0,343183476701727
0,343089009286514
0,343078540076291
0,342816166269187
0,342801777400041
0,342780098648736
0,342771042517614
0,342687678068904
0,342679167756908
0,342615143455775
0,342481078310074
0,342437240480641
0,342404988023853
0,342390845439861
0,342348107998983
0,342228363606331
0,342057339878109
0,34205096130368
0,341900579904182
0,341825029329065
0,341625540024268
0,341580065457775
0,341508844040454
0,341446060100033
0,341296923704443
0,341165490490576
0,341125887883257
0,341111945998854
0,341108670373517
0,340980044319249
0,340921964950517
0,340889094856253
0,340804446279943
0,340782960830523
0,340674050525004
0,340548627861225
0,340315511143257
0,340264995074039
0,340260334077424
0,340212523877327
0,340164446992995
0,340044356317201
0,33992776073578
0,339899816554747
0,339893673614488
0,339710833421838
0,339656962328565
0,339567401164785
0,33942417732564
0,339296737982051
0,33923822316781
0,339199524529796
0,339177062008252
0,339096625710428
0,338805847085357
0,338596441644699
0,33856848293173
0,338558320795435
0,338531797344159
0,338469431939746
0,338436229385736
0,338399954720594
0,338241492355486
0,33823994503275
0,338042575601947
0,338031442143952
0,337909126224221
0,337827536947267
0,337809807191816
0,337793594680621
0,337763802036835
0,33762729093275
0,337482844270615
0,337447338605004
0,337434817449017
0,337208648605164
0,337138111831399
0,336981768731515
0,336977770934239
0,336894761013859
0,336830230820286
0,336779740202917
0,336677927995684
0,336633602872325
0,336619963775796
0,336360401263228
0,336330393615244
0,336330227869482
0,336058665321
0,336042160484373
0,335984439133206
0,335881810047715
0,335581471189101
0,335537035715368
0,335537035715368
0,335440015088551
0,335434471439997
0,335400101377084
0,335355458904703
0,335315442431912
0,335300735021721
0,335248711358235
0,335187375825598
0,335186632563567
0,33517813783719
0,335085822842955
0,335066934572757
0,335059839908513
0,335007443261323
0,334960615614981
0,334862823279505
0,334838935131425
0,334818724593394
0,334803154806415
0,334743421365552
0,334715243943945
0,334665946332699
0,334655007208445
0,334390502375218
0,334376806761927
0,334351082491628
0,334288178452499
0,334197765148301
0,334159250565707
0,333953695980934
0,333930691106711
0,333910185618896
0,333862030411883
0,333846906356496
0,333699170279044
0,333628231491314
0,333609456273131
0,333435675294595
0,333397669919037
0,333387683419986
0,333183606983529
0,333164787989388
0,333117719342349
0,333117719342349
0,333024838958709
0,332966297013664
0,332936680809095
0,332834784834929
0,332820937728426
0,332789712970779
0,332703726354014
0,332503863250419
0,332479991829981
0,332337627974772
0,332279159036934
0,332200307273797
0,332184996961853
0,332167893560127
0,332093676167703
0,332076953237613
0,331971833863122
0,331960344256768
0,331950810919589
0,331943393478441
0,331932652523385
0,331901254208865
0,331879104782067
0,33182482731404
0,331772576650809
0,33164729034708
0,33160121328415
0,331440500338377
0,331357053914944
0,331338955173911
0,33120350411945
0,33115384138322
0,331084487587731
0,330980655028228
0,330905106716396
0,330848668515856
0,330746437686193
0,330734556164758
0,330695828889907
0,330684470973751
0,330664238760878
0,33047509927994
0,330464383384116
0,330356390892846
0,330297972412626
0,330211918058636
0,330189558714153
0,330177572788318
0,330124417454295
0,329986592441037
0,329969762570168
0,32985125266905
0,329774536692263
0,329754770218253
0,329695457387823
0,329674655647256
0,329562783551443
0,329560361895821
0,329526501823876
0,329443701821058
0,329403555113747
0,329335108087984
0,32931494293301
0,329271904703332
0,329188733859077
0,329159936900823
0,329082739338521
0,329050584123577
0,329033848830883
0,329032366413792
0,32899174399393
0,328900878619353
0,328858440721785
0,328667812373993
0,328598358029137
0,328595043131244
0,328538001691246
0,328503417788628
0,328402157334061
0,328350476685652
0,328237481082774
0,328173688626503
0,328141194454606
0,327992595723695
0,327937879576207
0,327905704125127
0,32782188185607
0,327798608722383
0,32740866691021
0,327386709675982
0,327358558156924
0,327309941133861
0,327304624709818
0,327287580229759
0,327078405205111
0,327054551318456
0,327042286392605
0,327039160600484
0,32700704719855
0,326783350912807
0,32677214474598
0,326601462984388
0,326434236234624
0,32634890872308
0,326054268198415
0,325901792996696
0,325900380982001
0,325877033489591
0,325841526593528
0,325819078101958
0,325780899243826
0,325623971960305
0,325505601292484
0,325482776290793
0,325370422899748
0,325243324587069
0,325175385772791
0,325060638816692
0,324997923047745
0,324994348046489
0,324993681695183
0,324919541760615
0,324857094458649
0,324820630852678
0,324786475698825
0,324751372602076
0,324671870833789
0,32461519006236
0,324501857538208
0,324454465960109
0,324310452802741
0,324271270985746
0,324207739942474
0,324137921822316
0,32401568725927
0,323974923373723
0,323893299628533
0,323809059537506
0,323793015439361
0,323769610535589
0,323711401582374
0,323685335538613
0,323609759103754
0,323607106691923
0,323568135808683
0,323539249785533
0,323495048540096
0,323404755200955
0,323244629160895
0,32310036872619
0,32305891000933
0,32298090832211
0,322870121644572
0,322790711135566
0,322732591106675
0,322703531847275
0,322457166913242
0,322452063148901
0,322382442090805
0,322372849765798
0,322320147734679
0,322311253335852
0,322220010237946
0,322107348625752
0,322020351763413
0,322000205047718
0,321985135752225
0,321938150054244
0,321855575336057
0,32185096041748
0,321550090002357
0,321478277239047
0,3214448988426
0,321323787042441
0,321294118631119
0,321287570411352
0,321193422632818
0,321186236895131
0,32117843699567
0,321178240313606
0,321152610312686
0,321103604080757
0,321083512238695
0,321072555685251
0,321038732444328
0,321005278590612
0,320947875898747
0,320899050732056
0,320889590705152
0,320821861853329
0,320765765106493
0,320673204318889
0,320629292863696
0,320526857653528
0,320445547560378
0,320416153288495
0,320345640232604
0,320325210093606
0,320121330840286
0,320095927914711
0,320073429935011
0,319941579642073
0,319903594870962
0,319854721879263
0,319775945159975
0,319735369674163
0,31973061378634
0,319645235340612
0,31962481594551
0,319561002533466
0,319524172131782
0,319497937363665
0,319415888705513
0,319341705505045
0,319229193373348
0,319211082218502
0,319024209285191
0,318978411965717
0,318944254103486
0,318920800465562
0,318862082100016
0,318853384381522
0,31883746128733
0,318836012384486
0,318731621573089
0,318697633135115
0,31862622376712
0,318586044878135
0,318558895431227
0,318542355732027
0,31849806351893
0,318464654898139
0,318435016821182
0,318345997493977
0,318157480099587
0,318072320248004
0,318071188878467
0,318028332965103
0,318023646318658
0,317862994164814
0,317836901503049
0,317800100743308
0,317786697110867
0,317756240169299
0,317558582762981
0,317476934813802
0,317457069646801
0,31744765954272
0,317429958237188
0,317426308952197
0,317423028483783
0,317419217289815
0,317336717202037
0,317233642309634
0,317185123327107
0,317053925296457
0,316812739799613
0,31680181207955
0,316795244049643
0,316681293767191
0,316680981982611
0,316680414060483
0,316647818318442
0,316466764363668
0,316430463359606
0,316391980759661
0,316363827030714
0,316189152704723
0,316182368406708
0,316158386638587
0,315934218656965
0,315902353498518
0,315867080880605
0,315848445516325
0,315734405659942
0,315726881875204
0,315618924386763
0,315525415738902
0,315428835568368
0,315342490297194
0,315331561325117
0,315210643620945
0,315188700381256
0,315099014755179
0,31504112654979
0,314864948256436
0,314823427438002
0,314816089402514
0,31460000249036
0,314544974802539
0,314493674063221
0,3144879473714
0,314328455718843
0,314225683024437
0,314099223931902
0,314074935227798
0,314047837487502
0,314041928989599
0,313789452865883
0,313667617245533
0,313565903917595
0,313481003888907
0,313429406482274
0,313279839585074
0,312867339533205
0,312847355690718
0,312640007832939
0,312606006499413
0,312593072196825
0,312518890705193
0,312464042395187
0,312418779287667
0,312415222611129
0,312331569886029
0,312264116839533
0,312244141988754
0,312225251317832
0,312155840978147
0,312142981446289
0,312115107177976
0,311933068752702
0,311826324298471
0,311705069385699
0,311703486656443
0,311628801016262
0,311609422742264
0,311531940818356
0,311464379950425
0,311449224947264
0,311279233220652
0,311258185397875
0,311220248444378
0,311087266889093
0,310991160254504
0,310979939823995
0,310851647454835
0,31083384487859
0,310761635358051
0,310679538198436
0,310646310616771
0,310582336661362
0,310556246387925
0,310505675756767
0,310404071744415
0,310348176142662
0,310344807208638
0,31034247290354
0,310170498838196
0,310069791011565
0,310066285795904
0,30994761652488
0,309920774142986
0,309737259466064
0,309727241194147
0,309605995112322
0,309605477903554
0,309580908178093
0,309548773470094
0,309436767653798
0,309406229817888
0,30940044937798
0,309357608923917
0,309311912512561
0,309195186893879
0,309100552982603
0,308949332738585
0,308945952514545
0,308859959779152
0,308661489458349
0,308614101037978
0,308605497236717
0,308533969481921
0,308511526156002
0,308472157093203
0,308368980385249
0,308362090471274
0,308123757363886
0,307848746168413
0,307814874491997
0,307754388328127
0,307655220491913
0,307594885361715
0,307564005848453
0,307562787329763
0,307389246613747
0,307373262362233
0,30733763736938
0,307232714288593
0,307232714288593
0,307174664095541
0,307173381827966
0,307127329998719
0,307085957000826
0,306909040717232
0,306881866283119
0,306740395085765
0,306636926466018
0,306636077390747
0,306635153654819
0,306607828520863
0,306535569671467
0,306425038383953
0,306397777180187
0,306355196853809
0,306338314665281
0,306257575067955
0,306234989815779
0,306180631394646
0,305994905094924
0,305986992969937
0,305887032776728
0,305798222803078
0,305687658358346
0,305621113758539
0,305477659782106
0,305437416672699
0,305419152335306
0,305374345135142
0,305368388818095
0,30536402622385
0,305354938287853
0,305068719540224
0,305058129155391
0,304985753506606
0,304971010153685
0,304728451413261
0,304652123677735
0,30464026088957
0,304555630943646
0,3045513174694
0,304549637112649
0,304514884191235
0,304484028137762
0,304472120809665
0,304359744545817
0,304179420735652
0,304169906815596
0,304162925912093
0,304113867791758
0,304110449938014
0,303808049688587
0,303765053695008
0,303713418695378
0,303643934002897
0,30358708111932
0,303230959134814
0,303217612193977
0,303200494240018
0,303189430737582
0,303122021343033
0,303118238199883
0,30310236356922
0,302956170186232
0,302932942885657
0,302892620495059
0,302757115876514
0,302754260495818
0,302687741916627
0,302654108226279
0,302510607552092
0,302490591275941
0,302447692035803
0,302428924984841
0,30242397437055
0,302208405568158
0,302188623475161
0,302125776654866
0,302030975720964
0,301998935415586
0,301989710585135
0,301952462304536
0,301919247234267
0,30191100681323
0,301861814750781
0,301808616584905
0,301791420369104
0,301709300900305
0,301557962334177
0,301293883311013
0,301176487571473
0,301137998590215
0,301032588280057
0,30101956273599
0,301004674849442
0,300908358598145
0,300852874948387
0,300772313598362
0,30070550938001
0,300673507241632
0,300502161825999
0,300413655044502
0,300355690408451
0,300305667090697
0,300212129833497
0,300199480557218
0,300165203730518
0,300162085466842
0,300054845358843
0,299974594665279
0,299865790456451
0,299748870620495
0,299595038607192
0,299429448037135
0,299354569414326
0,299338720475175
0,299336628764157
0,299110556614525
0,29910359725771
0,299097343506436
0,298890924117731
0,298821353330905
0,298793638629387
0,298757769620817
0,29870830320961
0,298569329014864
0,298469319665634
0,298454286205896
0,298276955377235
0,298181658364046
0,298166305171675
0,298150626300289
0,298064077183254
0,298060327518633
0,297931898573032
0,297907363946583
0,297891882675389
0,297889594547423
0,297881053802857
0,297754753997661
0,297704381158139
0,297650258363326
0,297440967444752
0,297427865044394
0,297374678859612
0,297266590626048
0,297263138772791
0,297125403366751
0,296755080442919
0,296619050508126
0,296617858200832
0,296599710954425
0,296530674977319
0,296446888038082
0,29639834651738
0,296167388487458
0,29612573388149
0,296057217239672
0,29598037910321
0,295871391176174
0,295740703960865
0,29572019227958
0,295708926527232
0,295485860002714
0,29537755620859
0,295326520028887
0,295282253194215
0,295222211767427
0,294947426804982
0,294740938959284
0,294722455420016
0,294655694190595
0,294634323153568
0,294460753777872
0,29437318274242
0,294292103429069
0,294241255960771
0,294230691002329
0,294217487125207
0,294196348755033
0,29413188518559
0,294128858454596
0,294088804859518
0,294058843181244
0,293997263515597
0,293920687431272
0,293911792664802
0,293834109188333
0,293682562373961
0,293670100336557
0,29364183296165
0,293582740355495
0,293509581177406
0,293496865215573
0,293432282389726
0,293421571199381
0,29340046490771
0,29315492996579
0,292975169330099
0,292930511171087
0,292751246053928
0,29274218392147
0,292694061328042
0,292619042300437
0,29258994443727
0,29254274149144
0,292512384842969
0,292505779248644
0,292492203865383
0,292475699440945
0,292412175587485
0,292387602076849
0,292230470818047
0,292074136868767
0,292004080388488
0,291885513657242
0,291842764328888
0,291788103979821
0,291529320850497
0,291523486087227
0,291455754067502
0,291350889287633
0,291287273279809
0,291200662845183
0,291093127082279
0,291084044322814
0,291031843447683
0,291005099867545
0,290896653518689
0,29083504926822
0,290814963727005
0,290771491016872
0,290577091311937
0,290568786002461
0,290533756828477
0,290488699162865
0,290435565118334
0,290404482874412
0,290191568914651
0,290179449885423
0,290064777504456
0,289968074086304
0,289670965266107
0,289654482246958
0,289648438864805
0,289640337982836
0,289584061134857
0,289557817965988
0,289501495908511
0,289450000504018
0,289436082685975
0,289293228904687
0,289262579821776
0,289215063396418
0,289181303364256
0,289152832467134
0,288998680727222
0,288977293465725
0,288859835138521
0,288820086414146
0,288818848075934
0,288729444971086
0,288659372719292
0,288634459042092
0,288596944696585
0,288384688735261
0,288380142425822
0,288324834613985
0,288314854961552
0,288308938767123
0,288304607277132
0,288217077995228
0,288201282171547
0,288095140715611
0,288033782733466
0,287950411766499
0,287914628364699
0,287896287660032
0,287732833219336
0,287709930336693
0,28763006352887
0,287622643153213
0,28760497643825
0,287584843167638
0,287335867554712
0,287305194390272
0,287288705704504
0,287143928073858
0,287094754308171
0,287083923812339
0,287060371679839
0,287053074433146
0,286722046272526
0,286656524962555
0,28658559639149
0,286527438464562
0,286365355272417
0,28634241979353
0,28634241979353
0,28634241979353
0,286210641158421
0,286196765063291
0,286182253072217
0,286173448362082
0,28615153069801
0,28609897235627
0,286029349892001
0,285999314621258
0,285974063201957
0,285948199703437
0,285942400859541
0,285906164655371
0,28582803475818
0,285750322370562
0,285729336648186
0,285709178530447
0,285544983310929
0,28550973652012
0,285373028553788
0,285352021690732
0,285323645524189
0,285148886623682
0,284871733149059
0,284747717946983
0,284606005244725
0,284549112729369
0,284467111791446
0,284445392712336
0,284431438907666
0,284392333299518
0,284391888283788
0,284374381795081
0,284271669032472
0,284269834615488
0,284224077738021
0,28421800495368
0,284199900718545
0,284176729421704
0,28415865032736
0,284132076952589
0,284037749878329
0,283976961863551
0,283871929049188
0,283819656444459
0,283803113886268
0,283789166745591
0,283704977076643
0,283593294179472
0,283580553353837
0,283562003373118
0,283537608394519
0,283526282766412
0,283483141847858
0,283444963791711
0,283342496546657
0,283121330742198
0,283069519975123
0,283019775378579
0,282926766108718
0,282916041554936
0,282895226795276
0,282867930268058
0,282780359272515
0,282749427350631
0,282634720098596
0,282621849629088
0,282427885370837
0,282426751065386
0,282422477604096
0,282313335482653
0,282262436895878
0,282049317403957
0,281896847251006
0,281843021307462
0,28175738133003
0,281736067715395
0,281690819976183
0,281677093568355
0,281659625314155
0,281564573695333
0,281557436216362
0,281525111763781
0,281516683177163
0,281438959152316
0,281397943978124
0,281367210838427
0,281314238269626
0,281231342838146
0,280948286030358
0,280917045517166
0,280798800160093
0,280791763294902
0,280785820058306
0,280746749344666
0,280654805433632
0,280591531092492
0,280578297371322
0,280562626607
0,280548488488546
0,280527875061387
0,280466932352774
0,280448996520625
0,280446906810519
0,28035249119327
0,280277689016087
0,280268078396607
0,280247230298454
0,280079980082462
0,279974205511859
0,279971394955533
0,279947108086049
0,279807645980092
0,279792355849507
0,279771088970892
0,279689473293321
0,279633913878132
0,279559103873487
0,279513831441726
0,279471377265072
0,279462288275322
0,279373567775571
0,279367576248883
0,279363928441268
0,279263328747461
0,279207645055996
0,27913795002337
0,279093084160534
0,27908095239461
0,279059159750948
0,279044735583146
0,279013602846078
0,278989172980708
0,278975747628827
0,278917901888546
0,278892597529361
0,278870788233473
0,27885948028607
0,278821295216178
0,278815550149905
0,278809382184477
0,278804032747308
0,278769624672683
0,278695142053423
0,278689246264056
0,278423262739383
0,278408811387546
0,278344587403818
0,278239785797139
0,278225700988451
0,278125594849519
0,278106142804585
0,278090755521518
0,277948082884799
0,277905334419428
0,277778807056554
0,2777232607763
0,277715252239244
0,27771302987083
0,277665410091822
0,277659752991654
0,277605343330633
0,277414727194097
0,277400871023112
0,277389299270598
0,277368134388325
0,277284347357301
0,277262970741482
0,277258878923479
0,277209000221384
0,277184198850856
0,277091727623754
0,277074813260001
0,277038948453737
0,277029679160586
0,27694685546638
0,276902530710708
0,276897422495078
0,276867273954968
0,276826405175962
0,276780008303691
0,276767432951428
0,276679192379767
0,276662904965535
0,276600920368214
0,276565935267984
0,276512395550393
0,276455885265953
0,276439739592095
0,27628857279258
0,276239506805686
0,27623858629281
0,276232945923337
0,276197147443714
0,276192122826054
0,276155080378604
0,276147048267998
0,276145810005732
0,276060266631392
0,275981376616087
0,275906209391516
0,275877815084464
0,275782069275412
0,275749988594722
0,275574242253041
0,275545214820529
0,275274068404319
0,275266557836204
0,275245540455085
0,275226341317348
0,275153373493963
0,275150809744242
0,275061041499111
0,275010582195588
0,274948231556868
0,274900620225736
0,27485719072181
0,274814338479283
0,274780460598934
0,27462985684241
0,274576812987338
0,274551166333611
0,274549803803941
0,274534756090455
0,274516574445503
0,274510218262155
0,274478549803995
0,274454970749205
0,274383081090295
0,274247426589111
0,274186048148054
0,274179994406412
0,274007304591158
0,273869433863507
0,273860772417457
0,273838714763948
0,273820741448677
0,273717262527651
0,273655537521773
0,273647906501221
0,273598540749391
0,27359613481485
0,273579846914527
0,273573815721233
0,273562784935273
0,273553331851132
0,273542411752294
0,273402814478046
0,273393291194219
0,273349353393744
0,273336047563435
0,27332636865662
0,27328938535894
0,273259748674214
0,273149759164149
0,273124585995086
0,273060163221207
0,272780038396243
0,272729442402832
0,272709229113478
0,272670299656196
0,272647071732669
0,272579284705419
0,272525122803969
0,272491098693491
0,272486749941843
0,272485942996255
0,27248448623024
0,27246317394716
0,272373453356188
0,272336053186472
0,272306639513759
0,272203181597199
0,272155730054307
0,272141036807835
0,272068596876163
0,272067994614066
0,272040529312494
0,272039938420593
0,272013457697337
0,271972715016001
0,271894402256676
0,271884200776238
0,271827979110656
0,271755609586192
0,27173197213253
0,271672931869829
0,271666998402442
0,27166267790931
0,271615900593539
0,271612021077666
0,271420251243232
0,271415769077432
0,27136074586001
0,27135090954176
0,271165134809527
0,271160217669749
0,271133267501128
0,270566229199325
0,270555015690808
0,270497833191344
0,270467588133015
0,27041150383946
0,270408208780412
0,270354160277279
0,270349083487476
0,270344450894239
0,270273722326281
0,270214187300567
0,270167758472338
0,270126670911196
0,270107401309505
0,270077547637697
0,270030023530557
0,269922119465377
0,269852391259577
0,269809395518367
0,269789765539268
0,269785162694622
0,269461051723877
0,269451413327494
0,269444171291646
0,269416009446193
0,269316739456603
0,26929198580533
0,269277461001153
0,269255629127292
0,26910737374983
0,269066691653507
0,269060493967548
0,269047062778318
0,268945614707448
0,268859520946506
0,268749565569789
0,26872189613867
0,268634383991781
0,268631654441198
0,268593820360903
0,268500374342033
0,268477753661133
0,268470387376638
0,268324731142285
0,268286233900263
0,268265776578171
0,26824068398329
0,26813714439003
0,267968724101858
0,267959438352942
0,267953502400927
0,267945306171265
0,267674080375179
0,267626576057089
0,267610634556559
0,267586487731512
0,267565564203667
0,267447952475111
0,267431088881102
0,267394158380238
0,267244826671623
0,267110712417421
0,267099841968196
0,267087387623182
0,267030763382375
0,267011822913245
0,267001045794947
0,266833217971689
0,266832142004997
0,266807353823588
0,266768180894421
0,26676506281274
0,266698188896025
0,266680120350443
0,266662483993471
0,266614399709462
0,266494533786125
0,266244592153056
0,266233827047995
0,266128940403606
0,266099450664124
0,266024348404145
0,265995126387678
0,26594689829522
0,265928659349546
0,265851414035161
0,265815382022961
0,265788698534589
0,265737004063675
0,265727619293247
0,265720777448926
0,265715728284374
0,265714159871551
0,265626996679339
0,265619595104013
0,265618172816443
0,265599725951985
0,265576487926342
0,265537360259264
0,265491050716315
0,265325153910326
0,265291696273937
0,265258117853878
0,265254372382668
0,265206727973277
0,265078969657828
0,265051012213186
0,264978649573591
0,264970030989019
0,264933492418809
0,264890538433405
0,264877714707111
0,264834522270755
0,264689473798731
0,264677340927993
0,264641135599669
0,264618679920009
0,264501018169228
0,264489600562799
0,264466149317923
0,264373163559727
0,264336280724868
0,264290612061262
0,264286197594528
0,264266455753764
0,264261689925764
0,264250484304486
0,26421014885378
0,264160530800563
0,264100879410871
0,264056136835217
0,264050188967057
0,263997999316226
0,263929560096888
0,263896215872454
0,263864785785693
0,26384094122014
0,263728330351438
0,263571408263932
0,263436831632693
0,263429017623202
0,263079947469679
0,263045135498427
0,263011511156516
0,262982879932399
0,262978358034914
0,262975843409774
0,262938627531297
0,262938442329787
0,262931767749301
0,262868620377766
0,262802263542053
0,262773903750123
0,262772824720028
0,262723197879584
0,262676391823145
0,262410944247167
0,262371155844571
0,262344804873726
0,262334913637532
0,262305059462615
0,262223771456835
0,262081135381804
0,26201800910136
0,26201758829037
0,261904852412418
0,26179210909517
0,261767132390595
0,261604851908679
0,261563070865304
0,261556710988265
0,261524017321989
0,261410536512887
0,261273825657554
0,26118824781023
0,261141912174066
0,261074895906466
0,261030587582568
0,261006695653204
0,260979447707224
0,260977255504351
0,260941000015857
0,260918642385565
0,26091481564016
0,26091043223154
0,260902832144104
0,260847951350742
0,260728536876867
0,26066732199619
0,260582295902396
0,260544553910652
0,260517169666045
0,260424424928179
0,260335402634749
0,260266372982831
0,2599459743258
0,259828675728056
0,25981499421767
0,259697420902791
0,259697106641147
0,259647935585306
0,259594275325916
0,259491685826163
0,25946937904576
0,259423799886716
0,259418812437355
0,259331775872162
0,259267493749367
0,259015926258331
0,258995050827288
0,258954765409602
0,258906844725312
0,258877852943278
0,258709485443982
0,258483964796868
0,258329823717443
0,258264771182766
0,258123841699994
0,258118376252726
0,258063619365933
0,257906389722442
0,257868520495571
0,257797356630324
0,257705601632792
0,257657956486258
0,257656262153458
0,25764938426282
0,257634039296975
0,25756748486254
0,257478236269674
0,257441542196775
0,257353155256538
0,257340867970309
0,257308177639089
0,257199064191153
0,257168084978132
0,256986853674256
0,256915644551262
0,25672701592331
0,256612822415785
0,2565614284937
0,25627932018764
0,256237486775318
0,25622156329478
0,255938469635711
0,255851551352993
0,255848704007109
0,255847945895204
0,255727443119253
0,255468158467385
0,255463708502606
0,255425947385198
0,255393901821722
0,255393901821722
0,255308788980463
0,255267052279337
0,255104556728673
0,254946934850077
0,25489321397042
0,254799827737692
0,254798543472354
0,254798543472354
0,254646366972787
0,254609534601067
0,254550918764524
0,254411648380042
0,25437598086236
0,25435622716421
0,254249028947759
0,25421706458294
0,254165265571812
0,254067644837889
0,254059380666172
0,253993825231071
0,253986902825564
0,253985902382311
0,253936208310705
0,253881157126769
0,253786360849309
0,253743991539414
0,253652097131887
0,253533974709856
0,253531398502025
0,253459838446102
0,253419381175351
0,253377207151363
0,253371223646994
0,253347978138373
0,253291234469303
0,253268491227432
0,25309062975869
0,25300601769616
0,252847582948228
0,252819041156459
0,252650178525686
0,252628082030723
0,252553473961182
0,252532383816964
0,252521416158975
0,252513638084222
0,252503085913147
0,252495961824654
0,252472427307798
0,252455680475753
0,252427842520316
0,252385799627921
0,252372759027707
0,252296624534394
0,252196123782954
0,252098927494182
0,251948633425298
0,251907732052737
0,251898917081924
0,251884682189204
0,25182334861505
0,251776241554493
0,251702231122747
0,251649513194965
0,251594860756884
0,251539404432029
0,251533111238565
0,251504506106008
0,251453888076953
0,251440744536083
0,251401318802632
0,251399169554306
0,251291291688491
0,251096367645089
0,251068488566973
0,250946840742256
0,250943080891444
0,250923116501331
0,250859920618823
0,250793324048221
0,250712966416734
0,250680553121395
0,25020951165072
0,250133290943002
0,249942887014187
0,249753315347468
0,249724599465217
0,249676635870625
0,249653728444943
0,249629744079357
0,249561136686167
0,249465609037021
0,249399332549842
0,249363125739311
0,249345319431066
0,249294319000835
0,249274650964874
0,249200592434951
0,249163472030137
0,248991794043452
0,248985585278477
0,248900479075444
0,24888249734035
0,248874816818301
0,248655785888814
0,248650427414429
0,248630542247619
0,248575713513739
0,248549443215363
0,248478454820036
0,248399276740301
0,248355934352713
0,248216504766792
0,248185728043656
0,248121804004846
0,248072298741446
0,248064719564227
0,248046876481707
0,24797169792488
0,247879997214506
0,247824199098004
0,247810313142157
0,247787200212973
0,247593361155635
0,247589209102029
0,247504065065813
0,247426585890334
0,247231558661305
0,247048964311411
0,246979999978733
0,246933150338431
0,246877951331301
0,246789034953532
0,246721100513555
0,246586612489517
0,246535426745488
0,246319573343286
0,246282320627193
0,246064502903098
0,246061144180983
0,246030463953922
0,245871860435642
0,245837955630883
0,245675758943794
0,245464612863734
0,245265976899804
0,245243317961717
0,245237888075333
0,245229372862229
0,245126632218275
0,245009267210774
0,24489297793871
0,244849158724849
0,244708844032199
0,244497132219812
0,244424727538462
0,244421913425257
0,244345835744371
0,244204564763977
0,244166945768495
0,244057216450196
0,244041408946326
0,243820870994678
0,243478750841017
0,243388137240136
0,243367336214817
0,243362235135157
0,243301401046271
0,243108615575977
0,243072858854529
0,243032871299647
0,242717143796875
0,242702775608801
0,242686209591846
0,242653919403771
0,242597829840389
0,242537700601021
0,242328407092341
0,242289183132457
0,242006769160783
0,241670506856354
0,241666431586931
0,241415591445658
0,241405331608967
0,240862388864617
0,240670612412723
0,240646456068911
0,24064192069657
0,240543656103619
0,240485375243668
0,240381851195609
0,240191939673862
0,240134020482343
0,240084642368024
0,240045525588051
0,240004060256409
0,239864710187633
0,239817469672584
0,239655368536716
0,239510436460873
0,239239313377896
0,239216307591688
0,23917248501256
0,239127329384165
0,238950106329736
0,238782268898516
0,238712945524728
0,238556346669261
0,238452982941338
0,238353262942161
0,238290432694123
0,238267223769596
0,238142362612548
0,237984280835349
0,237847176089034
0,237770723861399
0,23747553842268
0,237394317989449
0,23739234551491
0,237361556096172
0,237361556096172
0,23723859865964
0,236932705560695
0,23686519704107
0,236785657752519
0,236778686448724
0,236739244419024
0,236496443226174
0,236484234838398
0,236470291616345
0,236461524817305
0,236404582952067
0,236362472297857
0,236159191886731
0,236147951773967
0,23603248341453
0,235943232214515
0,235888868031622
0,235849541739133
0,235657771078976
0,235408283686967
0,235398312022632
0,235112241497831
0,235106658222316
0,235065486695201
0,235047786014772
0,23499337097285
0,234958310320316
0,234876120827664
0,23485486486463
0,234708202242632
0,234653695131242
0,234525144588537
0,234445831800498
0,234433404955803
0,234423876581419
0,234423876581419
0,234419202665449
0,234397346485656
0,234383015069162
0,234326280734788
0,234307488894744
0,234243452100057
0,234173140092018
0,234160859394978
0,234130370297045
0,233876516022757
0,233382734639217
0,232969364953092
0,23295613812329
0,232923937447455
0,232900592339822
0,232688251023211
0,232662673425453
0,232650370857254
0,232528965605074
0,232425229535856
0,232304522998871
0,232206973061395
0,232004648615826
0,231978848320769
0,231890623550501
0,231731853854705
0,231495413127157
0,231378102994719
0,230975517044064
0,230902115285785
0,230485924432626
0,230451284666024
0,230404500967761
0,230326586386056
0,230082114674709
0,230030617783956
0,229875390091473
0,22980624155648
0,229569128975815
0,229495579836037
0,229462308603199
0,229418158189073
0,229348725039325
0,229176386284822
0,229134701768598
0,228946394837048
0,228579331485613
0,228541175720672
0,228223910786923
0,227965632099415
0,227936642460242
0,22775885466156
0,227528624680147
0,227475361074347
0,227386825080235
0,227142013526619
0,227052317465915
0,227040615971563
0,226956522038562
0,226842056677463
0,226630526927039
0,226348442624622
0,2263162412528
0,226122264498542
0,226009914329574
0,225788299914786
0,225651658160264
0,225226899439307
0,225018256161676
0,224757821002974
0,224629754821823
0,224606933584636
0,22456238643104
0,224385458269818
0,224384497746679
0,224317119228342
0,224246966412758
0,224104331358622
0,223810157968016
0,223763500601962
0,223660783788807
0,223586682604177
0,223345186870521
0,22333808800686
0,22297105858554
0,222916933596745
0,222893629847992
0,222836619433713
0,222500298664746
0,222433083177416
0,222401324903257
0,222228291798398
0,221971511802854
0,221607517275447
0,221565443652471
0,221385546201966
0,221235000943533
0,220988591747072
0,220857948904211
0,220726905551055
0,220635248028864
0,220372797003372
0,220335602615021
0,22017611489118
0,220136477197948
0,220005389618315
0,219917401910143
0,219834943420358
0,219623672950868
0,219531340391496
0,219125410243369
0,219054228365292
0,219040412911085
0,219014255367839
0,218999637802174
0,218977627789986
0,218957977553378
0,218939063096403
0,218822755128878
0,218701833147912
0,218680183013875
0,218653232827545
0,218613045539085
0,218565843364863
0,218493496767339
0,218418754894686
0,218308375222831
0,21829625069333
0,218210972045888
0,218184905147291
0,217788103368959
0,217751417880121
0,217694443243858
0,217627573476215
0,217597238881871
0,217529052121039
0,217438175935896
0,217173827502542
0,217089751434854
0,217067829429529
0,217060332979664
0,216942183108578
0,216657593837151
0,216611307263932
0,216595940503743
0,216576868978359
0,21653448838424
0,216408515393696
0,216353126909215
0,216257691746285
0,216032559942089
0,216025542283466
0,215847242756345
0,215539796821906
0,215448031759085
0,215375173538208
0,215196942260739
0,214935950148742
0,214764861284321
0,214606715036006
0,214554945704919
0,214543801454507
0,214531609455111
0,214276674400893
0,214235204183598
0,214148069305268
0,214135088334343
0,214043531145353
0,213880890755456
0,213863925943895
0,21385918236457
0,213856622163592
0,213786842894117
0,21361373553493
0,213580734950254
0,213430387265367
0,213417819070434
0,213377065365492
0,213114021223413
0,212950385734962
0,212786815886119
0,212527119802904
0,212405044730872
0,212224814757594
0,212197956332637
0,212089985396219
0,212042018774744
0,211850958890751
0,211843241145705
0,21173341203925
0,211667869336431
0,211551455935341
0,211539730217454
0,21148650054017
0,211468481971212
0,211450806135701
0,211187976001146
0,211151448691339
0,211149406210441
0,21092835504714
0,210721519894912
0,210667181864847
0,210666885725819
0,210617655633753
0,210553568088871
0,210450044559352
0,210148556621338
0,209972083115995
0,209939869547452
0,209876018784502
0,209838350470834
0,209813822098992
0,209789631995267
0,209786207352505
0,209612459485042
0,209588780073119
0,20952716567609
0,209197082760413
0,208971384686764
0,208958284960357
0,208607456196983
0,208537850889829
0,208475770482112
0,207993300892577
0,207812891492338
0,20764585798913
0,207576711371479
0,207558038599291
0,207514966700635
0,207411206392422
0,207395146097364
0,207216214828558
0,207150484575061
0,207052149673538
0,206699410819944
0,206581319858508
0,206523080250051
0,206449334956768
0,206386492188456
0,206364177909982
0,206027473210646
0,205721774984751
0,205547262112921
0,20547870134707
0,205436632495737
0,205282555781891
0,204900442509094
0,20488061010796
0,204691411004085
0,204529623040236
0,204486697067271
0,204418883062888
0,204392881822682
0,204035247174757
0,203994031767608
0,203825896420613
0,203624278744901
0,203619053294568
0,203275735735446
0,203231121689703
0,202886434744092
0,202577765371469
0,202548333270711
0,202509629513731
0,202351399903721
0,202142499538545
0,201986716388971
0,201751753582955
0,201736923674046
0,20157692258797
0,201426826201293
0,201214097245287
0,201146898729163
0,201126802918653
0,201057634138718
0,200735752864783
0,200405048262328
0,200383656211761
0,200291526709023
0,200210056616807
0,199756648437538
0,199644216900806
0,1996025107174
0,199591836533178
0,199447798150712
0,199127335191655
0,199078181293248
0,198912295145178
0,198710621956806
0,198697708938567
0,198164348595014
0,19808678986624
0,19798223527438
0,197924633684753
0,197412683484171
0,197367452550462
0,197161761131664
0,19685849206028
0,196748812618953
0,196486062597419
0,19595457235187
0,195752224550831
0,195595324564103
0,195546555775784
0,195507035185266
0,195376760110254
0,195012795858393
0,194910981892632
0,194404926139259
0,194321980426719
0,193901825390448
0,193549324203467
0,19330797624529
0,192988606227624
0,192450089729875
0,192133296801667
0,192092504571821
0,191950489264455
0,191948719536591
0,191931240257735
0,191834447679567
0,191805213533533
0,191763599612284
0,191330257143436
0,191304386547999
0,19087226088714
0,190678256760897
0,190540274509306
0,19035331797455
0,190202107685934
0,190111677428505
0,190050539188188
0,189971499774171
0,189921369350191
0,189798440712337
0,189568555601802
0,189295232865601
0,189181970508194
0,189149292731287
0,18906786789635
0,188856436099692
0,18879976767262
0,188792759913233
0,188785021100149
0,1885380025945
0,188516137475764
0,18849039861982
0,188291405765838
0,188288042376815
0,188235038222648
0,187735980629156
0,187445999989596
0,187435034839071
0,187099885274695
0,186773549209341
0,186647119584249
0,18654808603329
0,186423830277375
0,186420696312457
0,186379668285835
0,186299552593034
0,18624910675206
0,186199314016456
0,186168590832501
0,186045965529657
0,186025924948396
0,185713029697087
0,185551011982729
0,185518262700409
0,185462221788413
0,18527694688625
0,185255253240063
0,185250349085552
0,185125990544659
0,185080929757854
0,185029685768108
0,184926215648387
0,184814389285075
0,184384105610509
0,184274846897951
0,184233053106916
0,183972384198687
0,183938606519524
0,183932188018311
0,183877206444144
0,183715317313548
0,183660999111644
0,183420441515294
0,183380745748932
0,183291047374597
0,182940181173668
0,182862364164911
0,182761023232271
0,18273439210787
0,182574185835055
0,182370816357065
0,18218782633728
0,182081185002197
0,182059220748496
0,181553436228497
0,181343300156614
0,181303199106537
0,181145430056738
0,18092071150697
0,180835801465798
0,180814591567099
0,180637982288601
0,180627128992309
0,180392048742139
0,180149037869908
0,180022316382793
0,179923118921988
0,179919392714055
0,179881737346316
0,179761657272468
0,179597993307495
0,179539746240246
0,179449995333848
0,179261465895764
0,179145926514705
0,179122543565961
0,179097757998186
0,178983953511772
0,178938476932949
0,178914770391261
0,178688303069601
0,177353473879326
0,177085800284873
0,177085760382867
0,176446098902666
0,17611876913416
0,175659323839941
0,175588215395146
0,17496221607028
0,174920531665715
0,174758689859018
0,174424961850821
0,174359272212211
0,174125872550547
0,174123870703374
0,174052122683854
0,173370931590022
0,173311805901657
0,173266701972898
0,173152090090853
0,172732395165503
0,172725560067401
0,172368270284751
0,172312179538572
0,172279834513194
0,172257291710315
0,171996908040734
0,171745811343234
0,171689500319639
0,17148808550224
0,171382992271558
0,171203281949999
0,171116415331077
0,170744613003758
0,170671905005347
0,17033896577555
0,169940086729848
0,169574569925434
0,169403628886589
0,169269057433046
0,16923594989993
0,169207714593392
0,169088007037567
0,169030537736743
0,168080624840784
0,16806495452732
0,168054957884573
0,16781459217227
0,167307332479108
0,167168253493815
0,167011769725958
0,166265939394645
0,166179528932785
0,165907011582561
0,165508420153632
0,165219674623799
0,164899577612172
0,164802787622006
0,164639733083662
0,164498553395282
0,164467378010837
0,164023405264929
0,16393778561802
0,16393778561802
0,163932036549297
0,163413874582207
0,163412521232418
0,163410390329064
0,163399242199079
0,163388349346328
0,162923229371436
0,162662272108398
0,162603909152845
0,162435642856647
0,162361043838467
0,162237636806124
0,161932385782729
0,161896095656836
0,161895560294454
0,161655548348177
0,161433297624822
0,161278978299884
0,161030377471014
0,160809823626594
0,160598317970597
0,160512055870019
0,159935783752603
0,159730355537755
0,159675048293633
0,159561905966208
0,158837450745059
0,158601776626149
0,158590194786944
0,158395793590131
0,158112517478267
0,158100386247641
0,158044758250426
0,157609243860485
0,157494381600617
0,157214538121487
0,156923920125022
0,156533866327911
0,156403308409743
0,156215837154206
0,156178850430006
0,155530809054994
0,155072885645901
0,155025039792578
0,155015009049576
0,154936238042089
0,154689195703392
0,154303349962092
0,15421854459837
0,154169708933448
0,15413291103575
0,153561938571188
0,153345574800329
0,153211458031424
0,153125402760719
0,152785504629691
0,152215801690056
0,151974098489145
0,151738780427822
0,151721265457356
0,151499946138212
0,151224208638379
0,150861037048985
0,150591359840695
0,150495984260157
0,150317669433406
0,150055757445021
0,149887902954202
0,149532152599811
0,149278758995847
0,149237154864137
0,148861788821281
0,148625569235288
0,14849766274755
0,148430023683332
0,148331305531461
0,147844254190915
0,147068116712865
0,146984314263217
0,145827181853985
0,145825367237499
0,145317065872238
0,145300172654697
0,145253189421851
0,144827795602471
0,144531977187783
0,144353375587465
0,144045073316547
0,14369583707404
0,143189769263446
0,14295565666674
0,142854479664418
0,142565572957987
0,141818588809767
0,141391041270019
0,141117258982923
0,140941424532131
0,140035535774112
0,139958398647877
0,139859502220314
0,139712129928261
0,139002304154203
0,138733857946398
0,138552717025841
0,138288873038251
0,137689181573165
0,137640263153431
0,137605342283131
0,136430097738142
0,136373097737226
0,136023891864484
0,135972820908526
0,135878047626946
0,135764822593795
0,135455196063091
0,134793656164691
0,134465503228412
0,134415385768461
0,13441424628839
0,134128022253116
0,134016236196255
0,133763672692826
0,133761667461289
0,133613453796542
0,133079089244647
0,13305442749365
0,132791902387608
0,132626371587059
0,132453235706504
0,132453167592774
0,132251741835494
0,13189471255872
0,131831820006076
0,131831820006076
0,131696576326024
0,131179900501908
0,131105357109381
0,131100670580986
0,130958213714359
0,130823028227201
0,130652780270543
0,130617811363306
0,130083498883347
0,12970822040335
0,129702245470947
0,12965172562049
0,129330476282622
0,129292080382849
0,129099444873581
0,12894984232259
0,12881837385236
0,128663765132377
0,128390533524505
0,128068411240624
0,127687823685421
0,127432230305635
0,126929670432514
0,126917448828374
0,125952879364044
0,125472380920501
0,125328376538131
0,125141694943619
0,124927865078211
0,124615809151224
0,124551306127448
0,124370226039506
0,124362435741252
0,124151063404923
0,124026120520303
0,124010387290527
0,123930939490082
0,123810305627088
0,123655649876518
0,123609991222683
0,123201632269416
0,12294452659787
0,122902323294806
0,122276902726168
0,122274742410118
0,122091619630477
0,121850834262339
0,12184756197883
0,121536802200634
0,121279794691107
0,121120230987318
0,12109856933883
0,120936018637753
0,120700543224895
0,120385853085769
0,120119998544673
0,119967915305611
0,119352369528773
0,119271336323852
0,119266700737696
0,119168024893403
0,118806417311578
0,118515120197028
0,118507234431863
0,118112080343057
0,117893278386268
0,117851130197758
0,117578486075626
0,117334748144351
0,11697548019036
0,116761332669376
0,115495980602719
0,115416037286709
0,113909778893155
0,113635608173867
0,11350875728601
0,113178597925633
0,11196494932526
0,111871721661062
0,111418223586739
0,111373819912359
0,111287059715595
0,111231088231212
0,111183964640241
0,111174480590785
0,110583026364373
0,11045244171511
0,109970855197105
0,109229499415009
0,109109586930209
0,10900712742491
0,108962033317107
0,108396122539691
0,10774219615461
0,107249225251479
0,106931663407767
0,106896658923862
0,106797721727685
0,106535054124463
0,106359240274548
0,105844606671878
0,105788360259333
0,105638527504499
0,105167053639893
0,104949322336511
0,103353673770003
0,103116800939147
0,102910971746708
0,10283846390696
0,102730081549468
0,10221705980896
0,102102997855193
0,101740640512336
0,101564425734376
0,101437241587891
0,101160012996533
0,101066806147469
0,100333115573096
0,099904619041504
0,0990133993498127
0,0982703057921989
0,097118176329427
0,0970356260154207
0,0967320882278869
0,0965605156794875
0,0962250448649376
0,0962038813315966
0,0955477570905663
0,0949243552962071
0,0949157995752499
0,09447897923729
0,0944552231320137
0,0943356660223062
0,0940291495152704
0,0939865143528927
0,0937071678990571
0,0931782120484134
0,0926211146840835
0,0920759998722871
0,0919974980980061
0,0910276521725425
0,0909897707984669
0,090581232387693
0,0898829502624462
0,0895008503878769
0,0894826140363624
0,0854328230979359
0,0846206614745758
0,0794674221344636
0,0772520864643666
0,0748978864456087
0,0748355308169443
0,0740242037722752
0,0739460916421248
0,0739230904120792
0,0736355515598645
0,0707136713710237
0,0704281784253498
0,0684285296399757
0,0679592603289988
0,0677096016329999
0,0669584688835267
0,0661222817526125
0,0659465349947884
0,0644345667770363
0,0605101299201011
0,0564655709312183
0,0515584004695734
0,05099573417293
0,0476976201005053
0,0474560537948424
0,0459325999793598
0,0455640654372749
0,0427529274346021
0,0398536873856631
0
0
0
0
0
0
0
0
0
0
0
0
0
0
0
0
0
0
0
0
0
0
0
0
0
0
0
0
0
0
0
0
0
0
0
0
0
0
0
0
0
0
0
0
0
0
0
0
0
0
0
0
0
0
0
0
0
0
0
0
0
0
0
0
0
0
0
0
0
0
0
0
0
0
0
0
0
0
0
0
0
0
0
0
0
0
0
0
0
0
0
0
0
0
0
0
0
0
0
0
0
0
0
0
0
0
0
0
0
0
0
0
0
0
0
0
0
0
0
0
0
0
0
0
0
0
0
0
0
0
0
0
0
0
0
0
0
0
0
0
0
0
0
0
0
0
0
0
0
0
0
0
0
0
0
0
0
0
0
0
0
0
0
0
0
0
0
0
0
0
0
0
0
0
0
0
0
0
0
0
0
0
0
0
0
0
0
0
0
0
0
0
0
0
0
0
0
0
0
0
0
0
0
0
0
0
0
0
0
0
0
0
0
0
0
0
0
0
0
0
0
0
0
0
0
0
0
0
0
0
0
0
0
0
0
0
0
0
0
0
0
0
0
0
0
0
0
0
0
0
